********************************************************************************
STREME - Sensitive, Thorough, Rapid, Enriched Motif Elicitation
********************************************************************************
MEME version 5.5.2 (Release date: Sun Jan 29 10:33:12 2023 -0800)

For further information on how to interpret these results please access https://meme-suite.org/meme.
To get a copy of the MEME Suite software please access https://meme-suite.org.

********************************************************************************


********************************************************************************
REFERENCE
********************************************************************************
If you use this program in your research, please cite:

Timothy L. Bailey,
"STREME: accurate and versatile sequence motif discovery",
Bioinformatics, Mar. 24, 2021.
********************************************************************************


ALPHABET= ACGT

strands: + -

Background letter frequencies
A 0.23 C 0.27 G 0.27 T 0.23 

MOTIF 1-CCTGTAATCCCAGCA STREME-1
letter-probability matrix: alength= 4 w= 15 nsites= 344 E= 4.8e-008
 0.020891 0.933655 0.024564 0.020891
 0.020891 0.933655 0.024564 0.020891
 0.020891 0.024564 0.024564 0.929982
 0.020891 0.024564 0.933655 0.020891
 0.020891 0.024564 0.024564 0.929982
 0.929982 0.024564 0.024564 0.020891
 0.929982 0.024564 0.024564 0.020891
 0.020891 0.024564 0.024564 0.929982
 0.020891 0.933655 0.024564 0.020891
 0.020891 0.933655 0.024564 0.020891
 0.020891 0.933655 0.024564 0.020891
 0.929982 0.024564 0.024564 0.020891
 0.020891 0.024564 0.933655 0.020891
 0.020891 0.933655 0.024564 0.020891
 0.929982 0.024564 0.024564 0.020891

MOTIF 2-CCTCAGCCTCCCRA STREME-2
letter-probability matrix: alength= 4 w= 14 nsites= 357 E= 1.9e-007
 0.003360 0.956074 0.004711 0.035856
 0.003360 0.954156 0.000129 0.042355
 0.003360 0.006629 0.006629 0.983383
 0.006609 0.967155 0.003379 0.022857
 0.873973 0.038049 0.081369 0.006609
 0.021760 0.013128 0.955254 0.009859
 0.003360 0.967155 0.003379 0.026107
 0.003360 0.960655 0.003379 0.032606
 0.003360 0.003379 0.003379 0.989882
 0.006609 0.973654 0.003379 0.016358
 0.003360 0.973654 0.009878 0.013108
 0.022857 0.784943 0.033957 0.158243
 0.323532 0.024208 0.639152 0.013108
 0.947689 0.019627 0.016986 0.015698

MOTIF 3-CCAGCCTGGCCAACA STREME-3
letter-probability matrix: alength= 4 w= 15 nsites= 315 E= 1.5e-006
 0.003914 0.931449 0.022865 0.041772
 0.003914 0.973093 0.000151 0.022843
 0.995785 0.000151 0.003936 0.000128
 0.007700 0.007722 0.912520 0.072058
 0.003914 0.976878 0.000151 0.019057
 0.003914 0.976878 0.007722 0.011485
 0.011485 0.019080 0.000151 0.969284
 0.015271 0.003936 0.973093 0.007700
 0.128844 0.000151 0.870877 0.000128
 0.026629 0.655088 0.295440 0.022843
 0.003914 0.912520 0.003936 0.079629
 0.916284 0.000151 0.083438 0.000128
 0.984427 0.003936 0.007722 0.003914
 0.003914 0.965521 0.007722 0.022843
 0.988213 0.003936 0.007722 0.000128

MOTIF 4-AGGAGAATCGCTTGA STREME-4
letter-probability matrix: alength= 4 w= 15 nsites= 313 E= 1.5e-006
 0.807670 0.007118 0.178114 0.007098
 0.003608 0.038526 0.940300 0.017567
 0.057383 0.000139 0.938870 0.003608
 0.968197 0.017587 0.003629 0.010587
 0.007098 0.010608 0.975197 0.007098
 0.748345 0.000139 0.251398 0.000118
 0.985645 0.007118 0.007118 0.000118
 0.007098 0.038526 0.007118 0.947258
 0.035015 0.596879 0.134178 0.233928
 0.237418 0.038526 0.709979 0.014077
 0.007098 0.947279 0.003629 0.041995
 0.035015 0.000139 0.101340 0.863505
 0.000118 0.007118 0.007118 0.985645
 0.021056 0.000139 0.978687 0.000118
 0.971686 0.007118 0.007118 0.014077

MOTIF 5-AGTGCAGTGGCGYGA STREME-5
letter-probability matrix: alength= 4 w= 15 nsites= 258 E= 3.1e-006
 0.977832 0.005604 0.016382 0.000182
 0.016350 0.010993 0.967085 0.005572
 0.005572 0.016382 0.000215 0.977832
 0.005572 0.000215 0.988642 0.005572
 0.005572 0.983253 0.000215 0.010961
 0.988610 0.000215 0.005604 0.005572
 0.107966 0.005604 0.886248 0.000182
 0.000182 0.000215 0.005604 0.993999
 0.005572 0.000215 0.977864 0.016350
 0.018558 0.000215 0.975656 0.005572
 0.005572 0.778464 0.010993 0.204971
 0.210360 0.027160 0.756908 0.005572
 0.005572 0.571467 0.021771 0.401190
 0.269641 0.021771 0.697627 0.010961
 0.983221 0.005604 0.010993 0.000182

MOTIF 6-AAAAAAAAAAAAAA STREME-6
letter-probability matrix: alength= 4 w= 14 nsites= 367 E= 5.9e-006
 0.847167 0.000128 0.000128 0.152577
 0.999635 0.000128 0.000128 0.000109
 0.999635 0.000128 0.000128 0.000109
 0.999635 0.000128 0.000128 0.000109
 0.906338 0.093425 0.000128 0.000109
 0.980168 0.000128 0.019595 0.000109
 0.821792 0.000128 0.000128 0.177951
 0.999635 0.000128 0.000128 0.000109
 0.810036 0.176859 0.012997 0.000109
 0.933628 0.066135 0.000128 0.000109
 0.999635 0.000128 0.000128 0.000109
 0.978693 0.000128 0.021070 0.000109
 0.957812 0.000128 0.000128 0.041932
 0.999635 0.000128 0.000128 0.000109

MOTIF 7-GCCACCACGCCCGGC STREME-7
letter-probability matrix: alength= 4 w= 15 nsites= 301 E= 1.1e-005
 0.157770 0.000149 0.841953 0.000127
 0.015141 0.980829 0.000149 0.003880
 0.000127 0.965816 0.000149 0.033908
 0.984560 0.007656 0.003903 0.003880
 0.000127 0.992090 0.000149 0.007634
 0.000127 0.913268 0.007656 0.078949
 0.691794 0.011410 0.292915 0.003880
 0.003880 0.748118 0.000149 0.247852
 0.181331 0.000149 0.810886 0.007634
 0.011387 0.969569 0.007656 0.011387
 0.000127 0.992090 0.000149 0.007634
 0.007634 0.770638 0.007656 0.214071
 0.233878 0.015163 0.739571 0.011387
 0.000127 0.000149 0.999596 0.000127
 0.000127 0.988336 0.000149 0.011387

MOTIF 8-TCAGGAGTTCGAGA STREME-8
letter-probability matrix: alength= 4 w= 14 nsites= 288 E= 1.2e-005
 0.000135 0.210082 0.004145 0.785638
 0.004121 0.967682 0.000159 0.028038
 0.955700 0.000159 0.036034 0.008107
 0.028038 0.008131 0.959710 0.004121
 0.020066 0.000159 0.975654 0.004121
 0.991575 0.004145 0.000159 0.004121
 0.020066 0.000159 0.979641 0.000135
 0.171541 0.012117 0.004145 0.812197
 0.000135 0.008131 0.004145 0.987589
 0.020066 0.736257 0.036034 0.207642
 0.211402 0.038677 0.717897 0.032024
 0.979617 0.000159 0.000159 0.020066
 0.012093 0.000159 0.987613 0.000135
 0.991575 0.000159 0.004145 0.004121

MOTIF 9-AAACCCCGTCTCTA STREME-9
letter-probability matrix: alength= 4 w= 14 nsites= 277 E= 2.1e-005
 0.995816 0.000150 0.003907 0.000127
 0.898126 0.000150 0.101597 0.000127
 0.958243 0.030208 0.011422 0.000127
 0.011399 0.920692 0.000150 0.067759
 0.000127 0.943236 0.003907 0.052730
 0.000127 0.931964 0.000150 0.067759
 0.015156 0.736584 0.011422 0.236838
 0.278169 0.000150 0.714040 0.007642
 0.007642 0.015179 0.003907 0.973272
 0.003885 0.950751 0.022693 0.022671
 0.000127 0.015179 0.003907 0.980787
 0.000127 0.977052 0.003907 0.018914
 0.041458 0.033965 0.007664 0.916913
 0.984544 0.000150 0.007664 0.007642

MOTIF 10-AGGTTGCAGTGAGC STREME-10
letter-probability matrix: alength= 4 w= 14 nsites= 271 E= 2.5e-005
 0.999543 0.000160 0.000160 0.000136
 0.048495 0.000160 0.951208 0.000136
 0.020286 0.112997 0.850462 0.016256
 0.000136 0.201654 0.012250 0.785960
 0.000136 0.024340 0.000160 0.975364
 0.024316 0.000160 0.971358 0.004166
 0.000136 0.975388 0.000160 0.024316
 0.955214 0.016280 0.028369 0.000136
 0.040435 0.004190 0.955238 0.000136
 0.000136 0.024340 0.000160 0.975364
 0.024316 0.000160 0.967328 0.008196
 0.987453 0.008220 0.000160 0.004166
 0.028345 0.000160 0.971358 0.000136
 0.000136 0.963298 0.004190 0.032375

MOTIF 11-GAGCRAGACTCYGTC STREME-11
letter-probability matrix: alength= 4 w= 15 nsites= 244 E= 5.0e-005
 0.060087 0.042987 0.883936 0.012990
 0.973824 0.000170 0.004452 0.021553
 0.021553 0.030142 0.948160 0.000145
 0.012990 0.691264 0.055831 0.239915
 0.312702 0.049023 0.625285 0.012990
 0.990951 0.000170 0.000170 0.008708
 0.111467 0.017297 0.871091 0.000145
 0.965261 0.000170 0.034423 0.000145
 0.000145 0.935316 0.021578 0.042961
 0.038679 0.090084 0.013015 0.858221
 0.030116 0.922471 0.017297 0.030116
 0.017271 0.505400 0.025860 0.451468
 0.184254 0.025860 0.785459 0.004427
 0.021553 0.025860 0.004452 0.948135
 0.021553 0.952442 0.008734 0.017271

MOTIF 12-CTCAGGTGATCCRCC STREME-12
letter-probability matrix: alength= 4 w= 15 nsites= 164 E= 5.0e-005
 0.000254 0.984220 0.007786 0.007741
 0.000254 0.000298 0.015273 0.984175
 0.000254 0.946783 0.015273 0.037691
 0.984175 0.007786 0.000298 0.007741
 0.239851 0.000298 0.744622 0.015228
 0.030203 0.007786 0.961758 0.000254
 0.030203 0.055778 0.000298 0.913721
 0.022716 0.000298 0.976733 0.000254
 0.969201 0.000298 0.022760 0.007741
 0.000254 0.007786 0.000298 0.991663
 0.000254 0.961758 0.015273 0.022716
 0.000254 0.684723 0.000298 0.314726
 0.352163 0.000298 0.572411 0.075128
 0.015228 0.954270 0.007786 0.022716
 0.015228 0.954270 0.000298 0.030203

MOTIF 13-CCCCGCCCCCAGCCC STREME-13
letter-probability matrix: alength= 4 w= 15 nsites= 376 E= 3.7e-004
 0.024490 0.901003 0.044594 0.029912
 0.032623 0.820163 0.106457 0.040756
 0.021779 0.875004 0.065171 0.038045
 0.043467 0.883396 0.033750 0.039386
 0.058523 0.006641 0.894080 0.040756
 0.063555 0.864678 0.033750 0.038017
 0.027201 0.893157 0.054040 0.025601
 0.038045 0.857236 0.063963 0.040756
 0.025601 0.828589 0.112076 0.033734
 0.035334 0.826207 0.076015 0.062444
 0.623085 0.180703 0.143530 0.052682
 0.032623 0.119549 0.793516 0.054311
 0.019069 0.899500 0.047697 0.033734
 0.048889 0.806609 0.087970 0.056533
 0.048889 0.831363 0.065437 0.054311

MOTIF 14-CCGCCTCCCGGGT STREME-14
letter-probability matrix: alength= 4 w= 13 nsites= 179 E= 1.7e-003
 0.000220 0.999302 0.000258 0.000220
 0.000220 0.724195 0.013236 0.262350
 0.162435 0.006747 0.830598 0.000220
 0.000220 0.999302 0.000258 0.000220
 0.000220 0.953882 0.000258 0.045640
 0.000220 0.013236 0.000258 0.986286
 0.000220 0.992814 0.006747 0.000220
 0.000220 0.979836 0.000258 0.019686
 0.000220 0.772274 0.013236 0.214270
 0.240298 0.000258 0.759224 0.000220
 0.000220 0.000258 0.999302 0.000220
 0.026174 0.028872 0.944735 0.000220
 0.013197 0.000258 0.013236 0.973309

MOTIF 15-CTCCCTCCCTCC STREME-15
letter-probability matrix: alength= 4 w= 12 nsites= 255 E= 5.0e-003
 0.000231 0.983173 0.000272 0.016323
 0.000231 0.000272 0.000272 0.999224
 0.000231 0.802516 0.000272 0.196981
 0.052509 0.851223 0.063194 0.033074
 0.036396 0.812501 0.007107 0.143996
 0.000231 0.000272 0.000272 0.999224
 0.003847 0.749666 0.057886 0.188601
 0.000231 0.907300 0.057748 0.034721
 0.000231 0.908074 0.000272 0.091422
 0.000231 0.000272 0.102783 0.896713
 0.030370 0.754351 0.000272 0.215007
 0.000231 0.986158 0.000272 0.013338

MOTIF 16-GTAGCTGGGACTACA STREME-16
letter-probability matrix: alength= 4 w= 15 nsites= 147 E= 1.3e-002
 0.047860 0.000271 0.944834 0.007035
 0.027447 0.047901 0.061509 0.863143
 0.992424 0.007075 0.000271 0.000230
 0.064257 0.027488 0.894416 0.013839
 0.000230 0.917617 0.034292 0.047860
 0.013839 0.013879 0.020684 0.951598
 0.095490 0.007075 0.897205 0.000230
 0.081881 0.027488 0.850803 0.039828
 0.190750 0.007075 0.774728 0.027447
 0.965207 0.000271 0.034292 0.000230
 0.034252 0.754315 0.000271 0.211162
 0.013839 0.204399 0.034292 0.747470
 0.912001 0.007075 0.067085 0.013839
 0.013839 0.808749 0.034292 0.143120
 0.903968 0.000271 0.061509 0.034252

MOTIF 17-CCCCGCCCCGCCCC STREME-17
letter-probability matrix: alength= 4 w= 14 nsites= 278 E= 1.4e-002
 0.011236 0.907185 0.055528 0.026050
 0.014940 0.866281 0.075736 0.043044
 0.018643 0.902146 0.036829 0.042382
 0.003829 0.915128 0.069807 0.011236
 0.048271 0.003851 0.847029 0.100848
 0.038678 0.859536 0.048293 0.053492
 0.026050 0.828075 0.133121 0.012754
 0.014940 0.878673 0.072931 0.033457
 0.018643 0.926818 0.033440 0.021098
 0.048232 0.000147 0.936278 0.015342
 0.026050 0.786020 0.095885 0.092045
 0.007532 0.878876 0.079439 0.034152
 0.025382 0.771481 0.095609 0.107528
 0.007532 0.826223 0.151305 0.014940

MOTIF 18-ACACACACACACA STREME-18
letter-probability matrix: alength= 4 w= 13 nsites= 160 E= 2.5e-002
 0.976313 0.023127 0.000303 0.000258
 0.015231 0.954855 0.007911 0.022003
 0.997124 0.000303 0.002315 0.000258
 0.000258 0.968679 0.011042 0.020021
 0.945880 0.000303 0.053559 0.000258
 0.000258 0.877453 0.007911 0.114378
 0.915448 0.015519 0.068775 0.000258
 0.030690 0.905795 0.015519 0.047996
 0.943868 0.000303 0.040356 0.015474
 0.000258 0.971929 0.000303 0.027511
 0.976313 0.000303 0.015519 0.007866
 0.015231 0.942338 0.000303 0.042128
 0.958395 0.010613 0.030735 0.000258

MOTIF 19-GCGGCGGCRGCKGCR STREME-19
letter-probability matrix: alength= 4 w= 15 nsites= 217 E= 3.4e-002
 0.020285 0.012250 0.939121 0.028345
 0.110591 0.792398 0.024339 0.072672
 0.048493 0.008220 0.927031 0.016255
 0.060583 0.020309 0.910912 0.008196
 0.033131 0.926275 0.016279 0.024315
 0.032374 0.008220 0.910912 0.048493
 0.040434 0.056577 0.874645 0.028345
 0.008196 0.862555 0.088815 0.040434
 0.420881 0.199269 0.347475 0.032374
 0.032374 0.040458 0.910912 0.016255
 0.008196 0.955240 0.036428 0.000136
 0.098502 0.080755 0.481351 0.339392
 0.020285 0.108964 0.858526 0.012226
 0.052523 0.749722 0.189558 0.008196
 0.356405 0.122704 0.419254 0.101637

MOTIF 20-AAAAATACAAAWA STREME-20
letter-probability matrix: alength= 4 w= 13 nsites= 289 E= 3.7e-002
 0.870820 0.031306 0.031306 0.066567
 0.887367 0.031306 0.027843 0.053484
 0.859161 0.045159 0.048622 0.047058
 0.864544 0.045159 0.027843 0.062454
 0.889286 0.022991 0.052974 0.034749
 0.032705 0.032732 0.039910 0.894654
 0.927211 0.010527 0.048291 0.013970
 0.098766 0.783352 0.047918 0.069964
 0.895461 0.031306 0.022336 0.050897
 0.847228 0.020917 0.034769 0.097086
 0.838883 0.059012 0.048622 0.053484
 0.319785 0.059592 0.030976 0.589648
 0.857276 0.024380 0.024380 0.093964

MOTIF 21-CCCCACCCCCGCC STREME-21
letter-probability matrix: alength= 4 w= 13 nsites= 354 E= 6.0e-002
 0.029068 0.936301 0.025457 0.009175
 0.033531 0.852944 0.113372 0.000153
 0.000153 0.967985 0.022688 0.009175
 0.042601 0.884890 0.072357 0.000153
 0.771879 0.000180 0.118527 0.109414
 0.038090 0.872637 0.055695 0.033579
 0.017766 0.913303 0.054265 0.014666
 0.047112 0.832333 0.108552 0.012003
 0.061135 0.888621 0.025687 0.024556
 0.018698 0.931668 0.009202 0.040432
 0.272728 0.002028 0.689952 0.035292
 0.071069 0.868761 0.028439 0.031730
 0.042601 0.798960 0.095132 0.063308

MOTIF 22-AGAGAGAGAGAAAG STREME-22
letter-probability matrix: alength= 4 w= 14 nsites= 108 E= 1.0e-001
 0.967845 0.000411 0.010739 0.021005
 0.014909 0.021067 0.943018 0.021005
 0.916205 0.041722 0.031395 0.010677
 0.031333 0.052050 0.895611 0.021005
 0.895550 0.041722 0.031395 0.031333
 0.041661 0.087157 0.850176 0.021005
 0.936970 0.021067 0.041614 0.000350
 0.051989 0.062378 0.874956 0.010677
 0.988500 0.010739 0.000411 0.000350
 0.021005 0.062378 0.895611 0.021005
 0.885330 0.041722 0.031286 0.041661
 0.714867 0.036504 0.186312 0.062317
 0.901899 0.000411 0.041614 0.056076
 0.041661 0.052050 0.885283 0.021005

MOTIF 23-TCGGCTCACTGCAA STREME-23
letter-probability matrix: alength= 4 w= 14 nsites= 56 E= 1.0e-001
 0.048256 0.000945 0.000945 0.949855
 0.000803 0.902544 0.000945 0.095708
 0.048256 0.000945 0.926270 0.024530
 0.048256 0.000945 0.926270 0.024530
 0.000803 0.878817 0.072123 0.048256
 0.000803 0.000945 0.000945 0.997308
 0.000803 0.855091 0.048397 0.095708
 0.973581 0.024671 0.000945 0.000803
 0.000803 0.973723 0.000945 0.024530
 0.024530 0.190755 0.024671 0.760045
 0.024530 0.024671 0.878817 0.071982
 0.000803 0.949996 0.024671 0.024530
 0.854950 0.119576 0.024671 0.000803
 0.949855 0.000945 0.024671 0.024530

MOTIF 24-CCGCGGCCCGG STREME-24
letter-probability matrix: alength= 4 w= 11 nsites= 193 E= 1.1e-001
 0.079139 0.798715 0.079645 0.042500
 0.000299 0.927440 0.071963 0.000299
 0.035567 0.000351 0.955127 0.008954
 0.038908 0.958110 0.000351 0.002631
 0.020363 0.013370 0.921081 0.045186
 0.000299 0.023196 0.800820 0.175685
 0.004661 0.981897 0.013144 0.000299
 0.026750 0.831530 0.021448 0.120271
 0.000299 0.883283 0.116120 0.000299
 0.000299 0.122832 0.876571 0.000299
 0.012218 0.181548 0.775871 0.030363

MOTIF 25-ACAACAACAACAAA STREME-25
letter-probability matrix: alength= 4 w= 14 nsites= 166 E= 1.2e-001
 0.775463 0.026000 0.062114 0.136423
 0.242901 0.635948 0.046637 0.074515
 0.896234 0.005364 0.010523 0.087878
 0.928119 0.000205 0.033273 0.038402
 0.020811 0.845606 0.005364 0.128219
 0.801258 0.053910 0.031160 0.113673
 0.780622 0.031160 0.177726 0.010493
 0.195286 0.688721 0.010523 0.105469
 0.863166 0.053910 0.000205 0.082719
 0.745440 0.031160 0.133409 0.089992
 0.053879 0.883833 0.026000 0.036288
 0.787895 0.082750 0.005364 0.123991
 0.883802 0.033273 0.010523 0.072401
 0.738167 0.138568 0.051796 0.071470

MOTIF 26-GGAGGARGAGGAGGA STREME-26
letter-probability matrix: alength= 4 w= 15 nsites= 114 E= 1.7e-001
 0.037973 0.015387 0.901123 0.045516
 0.060603 0.007844 0.908667 0.022886
 0.914749 0.007844 0.000300 0.077107
 0.022886 0.053105 0.855862 0.068147
 0.030429 0.000300 0.946384 0.022886
 0.931198 0.003391 0.057612 0.007799
 0.490638 0.068192 0.425828 0.015342
 0.030429 0.007844 0.961471 0.000255
 0.855817 0.000300 0.075735 0.068147
 0.203930 0.105909 0.689905 0.000255
 0.149764 0.045561 0.781789 0.022886
 0.787926 0.000300 0.120996 0.090777
 0.022886 0.030474 0.916210 0.030429
 0.030429 0.007844 0.953928 0.007799
 0.890444 0.015387 0.071283 0.022886

MOTIF 27-CCAGCCTGGGCAA STREME-27
letter-probability matrix: alength= 4 w= 13 nsites= 93 E= 2.0e-001
 0.005399 0.908519 0.073501 0.012581
 0.036920 0.937845 0.000484 0.024751
 0.913434 0.024823 0.036993 0.024751
 0.134982 0.000484 0.815444 0.049089
 0.000412 0.785374 0.092108 0.122106
 0.000412 0.908519 0.017640 0.073428
 0.000412 0.012654 0.049162 0.937772
 0.048962 0.012654 0.913634 0.024751
 0.012581 0.012654 0.962183 0.012581
 0.036920 0.000484 0.962183 0.000412
 0.024751 0.913634 0.012654 0.048962
 0.913434 0.000484 0.085670 0.000412
 0.899328 0.036993 0.039057 0.024623

MOTIF 28-CTTTGGGAGGCCAA STREME-28
letter-probability matrix: alength= 4 w= 14 nsites= 74 E= 2.0e-001
 0.000483 0.955693 0.000568 0.043256
 0.014741 0.000568 0.014825 0.969866
 0.000483 0.057599 0.000568 0.941351
 0.000483 0.014825 0.000568 0.984124
 0.043256 0.000568 0.955693 0.000483
 0.143061 0.000568 0.841631 0.014741
 0.028998 0.000568 0.969951 0.000483
 0.969866 0.000568 0.029083 0.000483
 0.086030 0.029083 0.841631 0.043256
 0.128803 0.029083 0.827373 0.014741
 0.000483 0.927178 0.029083 0.043256
 0.071772 0.912920 0.000568 0.014741
 0.713225 0.086115 0.185920 0.014741
 0.955758 0.014825 0.014676 0.014741

MOTIF 29-CTCGTGATCCRCCCG STREME-29
letter-probability matrix: alength= 4 w= 15 nsites= 106 E= 2.0e-001
 0.000345 0.947961 0.000406 0.051289
 0.020722 0.000406 0.030972 0.947900
 0.000345 0.805318 0.030972 0.163365
 0.173554 0.000406 0.825695 0.000345
 0.000345 0.051349 0.000406 0.947900
 0.010534 0.000406 0.978527 0.010534
 0.958089 0.030972 0.010594 0.000345
 0.000345 0.000406 0.010594 0.988655
 0.000345 0.947961 0.020783 0.030911
 0.000345 0.754374 0.000406 0.244875
 0.407896 0.000406 0.550599 0.041100
 0.000345 0.988716 0.000406 0.010534
 0.000345 0.958149 0.000406 0.041100
 0.000345 0.713619 0.010594 0.275442
 0.163365 0.000406 0.835884 0.000345

MOTIF 30-CCAGCCTGGGTGACA STREME-30
letter-probability matrix: alength= 4 w= 15 nsites= 99 E= 2.0e-001
 0.020513 0.908142 0.030660 0.040685
 0.050771 0.877884 0.000402 0.070943
 0.938339 0.020574 0.030660 0.010427
 0.040685 0.030660 0.918228 0.010427
 0.040685 0.887970 0.020574 0.050771
 0.020513 0.918228 0.050832 0.010427
 0.010427 0.060918 0.000402 0.928253
 0.101201 0.050832 0.847626 0.000341
 0.030599 0.000402 0.968658 0.000341
 0.060857 0.020574 0.918228 0.000341
 0.171803 0.192036 0.081090 0.555071
 0.000341 0.050832 0.928314 0.020513
 0.968597 0.010488 0.010488 0.010427
 0.020513 0.877884 0.010488 0.091115
 0.928253 0.010488 0.040746 0.020513

MOTIF 31-CCCACCCCACCYCCM STREME-31
letter-probability matrix: alength= 4 w= 15 nsites= 275 E= 3.3e-001
 0.063063 0.881584 0.011956 0.043397
 0.023732 0.968112 0.008023 0.000133
 0.000133 0.968112 0.031621 0.000133
 0.612277 0.019822 0.090618 0.277283
 0.019799 0.791833 0.004090 0.184279
 0.000133 0.968112 0.000157 0.031598
 0.025343 0.935746 0.000157 0.038754
 0.004066 0.928781 0.000157 0.066996
 0.740486 0.000157 0.106350 0.153007
 0.160680 0.595149 0.163764 0.080407
 0.125992 0.869785 0.004090 0.000133
 0.035531 0.626643 0.019822 0.318004
 0.004066 0.852441 0.039488 0.104005
 0.043397 0.855067 0.008023 0.093513
 0.331415 0.408710 0.067019 0.192855

MOTIF 32-CTTGGTTTCTTC STREME-32
letter-probability matrix: alength= 4 w= 12 nsites= 79 E= 4.1e-001
 0.056728 0.863557 0.056795 0.022920
 0.035008 0.000449 0.016336 0.948208
 0.079266 0.050143 0.000449 0.870142
 0.022920 0.090602 0.863557 0.022920
 0.131813 0.022987 0.840200 0.004999
 0.000382 0.011718 0.016336 0.971565
 0.022920 0.124410 0.101872 0.750798
 0.056728 0.090602 0.034256 0.818413
 0.000382 0.964981 0.034256 0.000382
 0.122309 0.098073 0.000449 0.779169
 0.034189 0.034256 0.174765 0.756789
 0.088502 0.782247 0.000449 0.128802

MOTIF 33-GCCTCAGTTTCCYCA STREME-33
letter-probability matrix: alength= 4 w= 15 nsites= 143 E= 4.1e-001
 0.118640 0.000295 0.880815 0.000251
 0.044647 0.940010 0.000295 0.015049
 0.000251 0.969607 0.000295 0.029848
 0.000251 0.000295 0.000295 0.999160
 0.000251 0.984406 0.007694 0.007650
 0.851174 0.007694 0.140882 0.000251
 0.007650 0.000295 0.991805 0.000251
 0.000251 0.052090 0.000295 0.947365
 0.007650 0.066889 0.000295 0.925167
 0.000251 0.015093 0.000295 0.984362
 0.037247 0.843818 0.015093 0.103841
 0.029848 0.851218 0.000295 0.118640
 0.022449 0.488650 0.000295 0.488606
 0.007650 0.829020 0.007694 0.155636
 0.643992 0.148281 0.089087 0.118640

MOTIF 34-ACTTGCCCAAGGTCA STREME-34
letter-probability matrix: alength= 4 w= 15 nsites= 90 E= 4.1e-001
 0.852369 0.055336 0.064498 0.027796
 0.009472 0.879910 0.027851 0.082768
 0.027796 0.046174 0.037012 0.889017
 0.018634 0.037012 0.018689 0.925665
 0.073606 0.027851 0.870748 0.027796
 0.046120 0.733319 0.073660 0.146901
 0.027796 0.806614 0.018689 0.146901
 0.036958 0.889072 0.009527 0.064444
 0.779074 0.055336 0.101146 0.064444
 0.843208 0.018689 0.101146 0.036958
 0.137739 0.027851 0.788291 0.046120
 0.082768 0.046174 0.843262 0.027796
 0.009472 0.119470 0.064498 0.806560
 0.018634 0.843262 0.037012 0.101091
 0.879855 0.018689 0.046174 0.055282

MOTIF 35-GAGGCYGAGGC STREME-35
letter-probability matrix: alength= 4 w= 11 nsites= 126 E= 5.8e-001
 0.000311 0.000365 0.999014 0.000311
 0.935587 0.063738 0.000365 0.000311
 0.055570 0.223959 0.655109 0.065362
 0.000311 0.055398 0.884250 0.060042
 0.044387 0.852624 0.000365 0.102623
 0.000311 0.447526 0.000365 0.551798
 0.000311 0.000365 0.999014 0.000311
 0.844755 0.154569 0.000365 0.000311
 0.037579 0.020431 0.917255 0.024735
 0.024658 0.000365 0.913680 0.061297
 0.000311 0.921721 0.000365 0.077603

MOTIF 36-AGGAAGAAGGAA STREME-36
letter-probability matrix: alength= 4 w= 12 nsites= 168 E= 5.9e-001
 0.930247 0.014818 0.040160 0.014775
 0.003223 0.000289 0.974449 0.022039
 0.007249 0.095395 0.882581 0.014775
 0.937296 0.003266 0.008342 0.051096
 0.904740 0.022082 0.000289 0.072889
 0.000246 0.074854 0.917390 0.007510
 0.673647 0.107707 0.193630 0.025016
 0.988935 0.000289 0.003266 0.007510
 0.070872 0.010530 0.893583 0.025016
 0.154718 0.041426 0.648235 0.155621
 0.688884 0.136285 0.145527 0.029303
 0.851294 0.029213 0.111982 0.007510

MOTIF 37-AAACAAAACAAA STREME-37
letter-probability matrix: alength= 4 w= 12 nsites= 205 E= 6.9e-001
 0.922116 0.021694 0.022773 0.033417
 0.901336 0.011499 0.011440 0.075725
 0.885727 0.028411 0.027049 0.058814
 0.000191 0.891474 0.041947 0.066388
 0.843728 0.070794 0.034048 0.051431
 0.944064 0.011499 0.008172 0.036265
 0.892381 0.043422 0.047094 0.017103
 0.771829 0.027872 0.068987 0.131312
 0.000191 0.799032 0.087093 0.113683
 0.766048 0.115932 0.046814 0.071206
 0.896358 0.058181 0.029376 0.016085
 0.826006 0.009663 0.123227 0.041105

MOTIF 38-CTGCTGCTGCTGCC STREME-38
letter-probability matrix: alength= 4 w= 14 nsites= 115 E= 1.0e+000
 0.044138 0.885069 0.017886 0.052907
 0.026602 0.023698 0.017886 0.931815
 0.017833 0.061727 0.876301 0.044138
 0.044138 0.849996 0.052959 0.052907
 0.065268 0.052959 0.035422 0.846351
 0.017833 0.070495 0.849996 0.061675
 0.026602 0.932819 0.009117 0.031462
 0.021426 0.079264 0.026654 0.872656
 0.017833 0.074088 0.890245 0.017833
 0.017833 0.925318 0.035422 0.021426
 0.044138 0.017886 0.044191 0.893785
 0.044138 0.074088 0.851579 0.030195
 0.035370 0.853206 0.061727 0.049697
 0.061675 0.771014 0.017886 0.149426

MOTIF 39-CCTGCCCTGCCC STREME-39
letter-probability matrix: alength= 4 w= 12 nsites= 93 E= 1.0e+000
 0.090813 0.908079 0.000599 0.000510
 0.000510 0.998382 0.000599 0.000510
 0.000510 0.167302 0.037520 0.794669
 0.045503 0.000599 0.953388 0.000510
 0.000510 0.998382 0.000599 0.000510
 0.063265 0.935627 0.000599 0.000510
 0.135964 0.727473 0.015650 0.120914
 0.000510 0.000599 0.091686 0.907205
 0.135806 0.000599 0.863085 0.000510
 0.030611 0.968281 0.000599 0.000510
 0.000510 0.998382 0.000599 0.000510
 0.000510 0.998382 0.000599 0.000510

MOTIF 40-CCCAGCCCCGRC STREME-40
letter-probability matrix: alength= 4 w= 12 nsites= 115 E= 1.0e+000
 0.039764 0.743191 0.216601 0.000444
 0.000444 0.959270 0.039842 0.000444
 0.065978 0.786796 0.146783 0.000444
 0.998513 0.000522 0.000522 0.000444
 0.039764 0.000522 0.959270 0.000444
 0.000444 0.943703 0.000522 0.055332
 0.000444 0.867664 0.073650 0.058242
 0.013551 0.933056 0.000522 0.052871
 0.000444 0.998591 0.000522 0.000444
 0.124185 0.000522 0.874849 0.000444
 0.279807 0.170773 0.548977 0.000444
 0.000444 0.992106 0.007006 0.000444

MOTIF 41-GGCGCRGTGGCTCA STREME-41
letter-probability matrix: alength= 4 w= 14 nsites= 99 E= 1.0e+000
 0.026404 0.011236 0.961994 0.000366
 0.129917 0.000430 0.858482 0.011171
 0.065198 0.735082 0.011236 0.188485
 0.270500 0.000430 0.631456 0.097614
 0.032782 0.804342 0.000430 0.162446
 0.302803 0.032846 0.577542 0.086809
 0.021977 0.011236 0.966422 0.000366
 0.000366 0.032846 0.000430 0.966358
 0.043587 0.000430 0.955617 0.000366
 0.097614 0.000430 0.901590 0.000366
 0.000366 0.944811 0.011236 0.043587
 0.000366 0.043652 0.000430 0.955552
 0.000366 0.998838 0.000430 0.000366
 0.998774 0.000430 0.000430 0.000366

MOTIF 42-CCGGGAGCCC STREME-42
letter-probability matrix: alength= 4 w= 10 nsites= 151 E= 1.1e+000
 0.012967 0.959859 0.000796 0.026377
 0.000677 0.997850 0.000796 0.000677
 0.000677 0.000796 0.997850 0.000677
 0.007707 0.015435 0.970121 0.006737
 0.000677 0.000796 0.996093 0.002434
 0.997731 0.000796 0.000796 0.000677
 0.084240 0.114314 0.629477 0.171969
 0.068354 0.930173 0.000796 0.000677
 0.000677 0.938327 0.060319 0.000677
 0.000677 0.753536 0.245110 0.000677

MOTIF 43-AAAAAGAAARAAAAA STREME-43
letter-probability matrix: alength= 4 w= 15 nsites= 245 E= 1.1e+000
 0.943217 0.009257 0.038297 0.009230
 0.872420 0.081865 0.045561 0.000154
 0.888760 0.042883 0.022871 0.045486
 0.883505 0.021681 0.041023 0.053791
 0.937482 0.000181 0.053107 0.009230
 0.059818 0.248847 0.650339 0.040996
 0.956783 0.033806 0.000181 0.009230
 0.981333 0.004719 0.004719 0.009230
 0.981333 0.000181 0.009257 0.009230
 0.332542 0.218676 0.448628 0.000154
 0.807028 0.018333 0.129105 0.045534
 0.857486 0.074109 0.054637 0.013768
 0.935952 0.018333 0.018333 0.027382
 0.827039 0.054637 0.086403 0.031920
 0.818397 0.047806 0.079187 0.054610

MOTIF 44-GGGCGGGGCCHGGG STREME-44
letter-probability matrix: alength= 4 w= 14 nsites= 180 E= 1.3e+000
 0.000153 0.123059 0.854111 0.022678
 0.009182 0.054339 0.927297 0.009182
 0.046871 0.043891 0.886512 0.022725
 0.072874 0.926793 0.000180 0.000153
 0.000153 0.040810 0.931797 0.027240
 0.000153 0.000180 0.916404 0.083263
 0.074234 0.000180 0.897311 0.028275
 0.038119 0.031781 0.916404 0.013696
 0.031754 0.821647 0.040763 0.105836
 0.009182 0.870721 0.119945 0.000153
 0.359336 0.341711 0.105048 0.193905
 0.085961 0.076926 0.832446 0.004667
 0.067870 0.245985 0.667934 0.018211
 0.054327 0.156846 0.752559 0.036269

MOTIF 45-CCCCCACCCCC STREME-45
letter-probability matrix: alength= 4 w= 11 nsites= 171 E= 1.5e+000
 0.006173 0.963809 0.007508 0.022510
 0.011478 0.984818 0.003333 0.000371
 0.019737 0.978348 0.001544 0.000371
 0.031429 0.961025 0.007176 0.000371
 0.018755 0.949748 0.022621 0.008876
 0.998756 0.000437 0.000437 0.000371
 0.147160 0.767297 0.000437 0.085106
 0.012867 0.924415 0.062347 0.000371
 0.056034 0.940337 0.003258 0.000371
 0.005529 0.910701 0.068197 0.015573
 0.130457 0.802822 0.066349 0.000371

MOTIF 46-ATTCATTCATTC STREME-46
letter-probability matrix: alength= 4 w= 12 nsites= 54 E= 1.6e+000
 0.959308 0.000848 0.039123 0.000721
 0.000721 0.107358 0.022150 0.869771
 0.064627 0.149961 0.086056 0.699356
 0.022023 0.976408 0.000848 0.000721
 0.976281 0.022150 0.000848 0.000721
 0.000721 0.000848 0.000848 0.997583
 0.000721 0.000848 0.000848 0.997583
 0.000721 0.997710 0.000848 0.000721
 0.933677 0.043452 0.022150 0.000721
 0.000721 0.149961 0.000848 0.848469
 0.000721 0.043452 0.043452 0.912375
 0.000721 0.933804 0.022150 0.043325

MOTIF 47-CTCCCCTCCCC STREME-47
letter-probability matrix: alength= 4 w= 11 nsites= 74 E= 1.8e+000
 0.000940 0.997015 0.001105 0.000940
 0.000940 0.001105 0.001105 0.996850
 0.028009 0.969947 0.001105 0.000940
 0.000940 0.977985 0.020136 0.000940
 0.000940 0.997015 0.001105 0.000940
 0.141398 0.829786 0.027876 0.000940
 0.000940 0.001105 0.001105 0.996850
 0.071324 0.926631 0.001105 0.000940
 0.000940 0.947141 0.050979 0.000940
 0.000940 0.997015 0.001105 0.000940
 0.000940 0.997015 0.001105 0.000940

MOTIF 48-ATCTGTAAAATGGR STREME-48
letter-probability matrix: alength= 4 w= 14 nsites= 88 E= 1.8e+000
 0.929371 0.058225 0.000460 0.011944
 0.011944 0.012013 0.000460 0.975583
 0.035050 0.790803 0.000460 0.173687
 0.011944 0.012013 0.023566 0.952477
 0.085997 0.012013 0.901599 0.000391
 0.046603 0.092884 0.081331 0.779181
 0.894711 0.023566 0.081331 0.000391
 0.889977 0.000460 0.086065 0.023497
 0.848499 0.035119 0.115991 0.000391
 0.860052 0.000460 0.139097 0.000391
 0.011944 0.046672 0.000460 0.940924
 0.058156 0.000460 0.894780 0.046603
 0.196793 0.023566 0.767696 0.011944
 0.346983 0.000460 0.652166 0.000391

MOTIF 49-AATAAATAAATAA STREME-49
letter-probability matrix: alength= 4 w= 13 nsites= 236 E= 2.6e+000
 0.904951 0.004612 0.000177 0.090260
 0.895278 0.015679 0.017920 0.071123
 0.000150 0.062278 0.000177 0.937395
 0.838413 0.035663 0.106213 0.019711
 0.842095 0.035663 0.020114 0.102127
 0.849480 0.022356 0.001994 0.126171
 0.071123 0.112843 0.004612 0.811421
 0.778507 0.022356 0.022356 0.176782
 0.698755 0.114707 0.031227 0.155310
 0.824737 0.000177 0.086228 0.088858
 0.020550 0.128815 0.000177 0.850458
 0.775888 0.004612 0.117325 0.102174
 0.681563 0.067887 0.000177 0.250373

MOTIF 50-CTTCCTCTTTC STREME-50
letter-probability matrix: alength= 4 w= 11 nsites= 170 E= 3.7e+000
 0.000321 0.998981 0.000377 0.000321
 0.017203 0.000377 0.000377 0.982042
 0.000321 0.000377 0.000377 0.998924
 0.000321 0.685856 0.000377 0.313445
 0.000321 0.922106 0.047767 0.029806
 0.000321 0.155058 0.000377 0.844244
 0.009799 0.918159 0.071722 0.000321
 0.041769 0.053012 0.137856 0.767363
 0.051495 0.000377 0.000377 0.947751
 0.038133 0.221827 0.000377 0.739662
 0.101260 0.828576 0.000377 0.069787

MOTIF 51-CTCCCTTCTCCC STREME-51
letter-probability matrix: alength= 4 w= 12 nsites= 141 E= 1.0e+001
 0.020107 0.866944 0.000394 0.112555
 0.011294 0.056153 0.038154 0.894399
 0.010221 0.772376 0.037181 0.180223
 0.000335 0.906015 0.043989 0.049661
 0.000335 0.998937 0.000394 0.000335
 0.071214 0.000394 0.143108 0.785285
 0.059547 0.043297 0.019477 0.877679
 0.000335 0.998937 0.000394 0.000335
 0.076091 0.023080 0.146797 0.754032
 0.000335 0.982498 0.016833 0.000335
 0.000335 0.998937 0.000394 0.000335
 0.138495 0.845793 0.000394 0.015319

MOTIF 52-AAATTTAAAAATTA STREME-52
letter-probability matrix: alength= 4 w= 14 nsites= 149 E= 1.2e+001
 0.866614 0.041265 0.007104 0.085017
 0.709473 0.078226 0.048097 0.164204
 0.792693 0.013936 0.041265 0.152106
 0.160099 0.054929 0.075426 0.709545
 0.167584 0.000272 0.034433 0.797711
 0.041224 0.000272 0.027601 0.930903
 0.791460 0.000272 0.048097 0.160171
 0.985560 0.013936 0.000272 0.000231
 0.814756 0.075426 0.075426 0.034392
 0.855749 0.116419 0.013936 0.013896
 0.811376 0.102755 0.054929 0.030940
 0.181248 0.089090 0.020769 0.708893
 0.020728 0.020769 0.000272 0.958232
 0.992393 0.007104 0.000272 0.000231

********************************************************************************
Stopped because 3 consecutive motifs exceeded the p-value threshold (0.05).
********************************************************************************
COMMAND:	streme --verbosity 1 --oc . --dna --totallength 4000000 --time 14400 --minw 8 --maxw 15 --thresh 0.05 --align center --p dyn_H3K4me3.bed.fa
********************************************************************************
CPU:		noble-meme.grid.gs.washington.edu
********************************************************************************
FINALTIME:	1840.75 seconds
********************************************************************************

