********************************************************************************
STREME - Sensitive, Thorough, Rapid, Enriched Motif Elicitation
********************************************************************************
MEME version 5.5.2 (Release date: Sun Jan 29 10:33:12 2023 -0800)

For further information on how to interpret these results please access https://meme-suite.org/meme.
To get a copy of the MEME Suite software please access https://meme-suite.org.

********************************************************************************


********************************************************************************
REFERENCE
********************************************************************************
If you use this program in your research, please cite:

Timothy L. Bailey,
"STREME: accurate and versatile sequence motif discovery",
Bioinformatics, Mar. 24, 2021.
********************************************************************************


ALPHABET= ACGT

strands: + -

Background letter frequencies
A 0.242 C 0.258 G 0.258 T 0.242 

MOTIF 1-CCTCRGCCTCC STREME-1
letter-probability matrix: alength= 4 w= 11 nsites= 119 E= 7.9e-003
 0.000358 0.957149 0.000382 0.042111
 0.000358 0.956568 0.031201 0.011873
 0.012828 0.000382 0.000382 0.986408
 0.010640 0.929746 0.000382 0.059233
 0.333689 0.068279 0.597674 0.000358
 0.069025 0.010689 0.878853 0.041434
 0.000358 0.934083 0.013612 0.051947
 0.000358 0.920211 0.051739 0.027691
 0.000358 0.010689 0.012852 0.976101
 0.010614 0.978364 0.010663 0.000358
 0.031177 0.947545 0.010638 0.010640

MOTIF 2-CCTGTAATCCCAGCA STREME-2
letter-probability matrix: alength= 4 w= 15 nsites= 82 E= 1.0e-002
 0.000463 0.985332 0.000493 0.013712
 0.000463 0.985332 0.013743 0.000463
 0.000463 0.000493 0.000493 0.998551
 0.080126 0.000493 0.918918 0.000463
 0.000463 0.000493 0.040242 0.958802
 0.985301 0.013743 0.000493 0.000463
 0.873916 0.000493 0.125129 0.000463
 0.000463 0.026993 0.000493 0.972052
 0.000463 0.945550 0.000493 0.053494
 0.026962 0.919017 0.013743 0.040278
 0.013712 0.918885 0.000493 0.066909
 0.998551 0.000493 0.000493 0.000463
 0.000463 0.000493 0.998582 0.000463
 0.000463 0.985332 0.000493 0.013712
 0.710479 0.040242 0.013743 0.235535

MOTIF 3-CCCAGCCCCG STREME-3
letter-probability matrix: alength= 4 w= 10 nsites= 78 E= 1.0e-002
 0.021454 0.923568 0.000772 0.054206
 0.000724 0.861396 0.070303 0.067577
 0.000724 0.880289 0.076804 0.042183
 0.931227 0.044383 0.023666 0.000724
 0.000724 0.056784 0.933199 0.009293
 0.000724 0.956010 0.000772 0.042494
 0.007634 0.862174 0.129468 0.000724
 0.018662 0.959113 0.000772 0.021454
 0.085768 0.912736 0.000772 0.000724
 0.035601 0.000772 0.813689 0.149938

MOTIF 4-CCAGCCTGGGCAA STREME-4
letter-probability matrix: alength= 4 w= 13 nsites= 84 E= 3.1e-002
 0.013072 0.960693 0.025794 0.000441
 0.013072 0.910014 0.000470 0.076445
 0.998619 0.000470 0.000470 0.000441
 0.051089 0.000470 0.871445 0.076996
 0.013072 0.973387 0.013101 0.000441
 0.000441 0.935401 0.013101 0.051057
 0.013072 0.000470 0.000470 0.985988
 0.025702 0.000470 0.935495 0.038333
 0.038556 0.000470 0.960533 0.000441
 0.025702 0.250918 0.722939 0.000441
 0.025828 0.935243 0.000470 0.038459
 0.751008 0.013101 0.235450 0.000441
 0.998619 0.000470 0.000470 0.000441

MOTIF 5-ATCGCTTGAR STREME-5
letter-probability matrix: alength= 4 w= 10 nsites= 74 E= 3.1e-002
 0.998171 0.000623 0.000623 0.000584
 0.000584 0.000623 0.000623 0.998171
 0.000584 0.913511 0.000623 0.085282
 0.195451 0.000623 0.803342 0.000584
 0.017313 0.964751 0.000623 0.017313
 0.000584 0.000623 0.017352 0.981442
 0.000584 0.017352 0.000623 0.981442
 0.034209 0.017352 0.947856 0.000584
 0.998171 0.000623 0.000623 0.000584
 0.448400 0.000623 0.533664 0.017313

MOTIF 6-AGACGGGGTTTCACY STREME-6
letter-probability matrix: alength= 4 w= 15 nsites= 77 E= 3.1e-002
 0.998415 0.000540 0.000540 0.000506
 0.073142 0.000540 0.925812 0.000506
 0.983916 0.000540 0.015038 0.000506
 0.000506 0.795184 0.044034 0.160276
 0.219696 0.000540 0.779258 0.000506
 0.000506 0.000540 0.998448 0.000506
 0.218594 0.000540 0.780360 0.000506
 0.116708 0.000540 0.882246 0.000506
 0.000506 0.000540 0.000540 0.998415
 0.000506 0.175061 0.000540 0.823893
 0.000506 0.000540 0.015038 0.983916
 0.000506 0.896888 0.000540 0.102066
 0.678730 0.000540 0.262014 0.058717
 0.000506 0.954953 0.015038 0.029503
 0.000506 0.663977 0.000540 0.334978

MOTIF 7-CAGGAGTTCGAGA STREME-7
letter-probability matrix: alength= 4 w= 13 nsites= 70 E= 3.1e-002
 0.022000 0.932545 0.023455 0.022000
 0.931091 0.023455 0.023455 0.022000
 0.022000 0.023455 0.932545 0.022000
 0.022000 0.023455 0.932545 0.022000
 0.931091 0.023455 0.023455 0.022000
 0.022000 0.023455 0.932545 0.022000
 0.022000 0.023455 0.023455 0.931091
 0.022000 0.023455 0.023455 0.931091
 0.022000 0.932545 0.023455 0.022000
 0.022000 0.023455 0.932545 0.022000
 0.931091 0.023455 0.023455 0.022000
 0.022000 0.023455 0.932545 0.022000
 0.931091 0.023455 0.023455 0.022000

MOTIF 8-AGTGCAGTGGC STREME-8
letter-probability matrix: alength= 4 w= 11 nsites= 74 E= 7.4e-002
 0.939347 0.015235 0.044905 0.000513
 0.044907 0.007891 0.946690 0.000513
 0.015201 0.015345 0.029995 0.939459
 0.035960 0.015235 0.918916 0.029889
 0.015201 0.983740 0.000547 0.000513
 0.983669 0.015271 0.000547 0.000513
 0.120188 0.000547 0.849377 0.029889
 0.000513 0.003345 0.015235 0.980908
 0.073989 0.029922 0.880888 0.015201
 0.000513 0.015235 0.983740 0.000513
 0.000513 0.872528 0.000547 0.126413

MOTIF 9-CTACTAAAAATA STREME-9
letter-probability matrix: alength= 4 w= 12 nsites= 61 E= 8.5e-002
 0.022000 0.932545 0.023455 0.022000
 0.022000 0.023455 0.023455 0.931091
 0.931091 0.023455 0.023455 0.022000
 0.022000 0.932545 0.023455 0.022000
 0.022000 0.023455 0.023455 0.931091
 0.931091 0.023455 0.023455 0.022000
 0.931091 0.023455 0.023455 0.022000
 0.931091 0.023455 0.023455 0.022000
 0.931091 0.023455 0.023455 0.022000
 0.931091 0.023455 0.023455 0.022000
 0.022000 0.023455 0.023455 0.931091
 0.931091 0.023455 0.023455 0.022000

MOTIF 10-ACCACGCCCGGCTA STREME-10
letter-probability matrix: alength= 4 w= 14 nsites= 59 E= 8.5e-002
 0.974415 0.000858 0.023921 0.000805
 0.023868 0.951406 0.000858 0.023868
 0.023868 0.951406 0.000858 0.023868
 0.974415 0.000858 0.000858 0.023868
 0.023868 0.789452 0.000858 0.185822
 0.232990 0.023921 0.742284 0.000805
 0.023868 0.928344 0.000858 0.046930
 0.046930 0.928344 0.000858 0.023868
 0.000805 0.835864 0.000858 0.162472
 0.279404 0.000858 0.718933 0.000805
 0.000805 0.000858 0.951406 0.046930
 0.000805 0.997531 0.000858 0.000805
 0.023868 0.000858 0.000858 0.974415
 0.974415 0.023921 0.000858 0.000805

MOTIF 11-CCCCASCCCCCCMCC STREME-11
letter-probability matrix: alength= 4 w= 15 nsites= 95 E= 1.1e-001
 0.000420 0.902506 0.000448 0.096627
 0.000420 0.986687 0.012473 0.000420
 0.012446 0.986687 0.000448 0.000420
 0.000420 0.998713 0.000448 0.000420
 0.794186 0.060607 0.000448 0.144760
 0.132704 0.385335 0.397331 0.084631
 0.012446 0.914532 0.072603 0.000420
 0.000420 0.938583 0.024499 0.036497
 0.096627 0.758196 0.000448 0.144730
 0.216945 0.673955 0.108680 0.000420
 0.180867 0.710033 0.108680 0.000420
 0.192863 0.637907 0.144758 0.024472
 0.277014 0.517679 0.120706 0.084601
 0.048523 0.878454 0.012473 0.060549
 0.168782 0.746170 0.084629 0.000420

MOTIF 12-ATCTCGGCTCA STREME-12
letter-probability matrix: alength= 4 w= 11 nsites= 63 E= 2.2e-001
 0.921607 0.019739 0.038959 0.019695
 0.000664 0.000708 0.019739 0.978888
 0.000664 0.997963 0.000708 0.000664
 0.019695 0.004334 0.000708 0.975262
 0.000664 0.862717 0.038864 0.097755
 0.097016 0.019739 0.844425 0.038820
 0.019742 0.000708 0.978885 0.000664
 0.000664 0.978932 0.000708 0.019695
 0.019695 0.000708 0.000708 0.978888
 0.000664 0.978932 0.000708 0.019695
 0.978841 0.000708 0.019786 0.000664

MOTIF 13-CCCCGCCCCCGCG STREME-13
letter-probability matrix: alength= 4 w= 13 nsites= 116 E= 2.9e-001
 0.019525 0.700196 0.251159 0.029120
 0.009930 0.922189 0.029166 0.038715
 0.000335 0.931736 0.000357 0.067571
 0.000335 0.950950 0.048380 0.000335
 0.041391 0.000357 0.938703 0.019549
 0.077143 0.749241 0.173282 0.000335
 0.019525 0.836475 0.143665 0.000335
 0.231684 0.738791 0.019571 0.009954
 0.009930 0.960449 0.010000 0.019621
 0.000335 0.808448 0.186915 0.004301
 0.202995 0.091605 0.506451 0.198949
 0.115690 0.846900 0.037075 0.000335
 0.000335 0.269567 0.720168 0.009930

MOTIF 14-AAAGAAAGAAARAA STREME-14
letter-probability matrix: alength= 4 w= 14 nsites= 76 E= 2.9e-001
 0.895776 0.029866 0.073846 0.000512
 0.860286 0.000546 0.088507 0.050662
 0.954416 0.000546 0.044526 0.000512
 0.000512 0.103203 0.763576 0.132709
 0.910436 0.029866 0.059186 0.000512
 0.983737 0.015206 0.000546 0.000512
 0.954416 0.000546 0.000546 0.044492
 0.088764 0.044562 0.807374 0.059300
 0.881043 0.000546 0.088579 0.029832
 0.866419 0.015206 0.044562 0.073813
 0.866383 0.015206 0.059186 0.059225
 0.555604 0.073883 0.311214 0.059300
 0.933696 0.029866 0.029866 0.006572
 0.766192 0.059186 0.109373 0.065249

MOTIF 15-CTTCCTCCTCCYC STREME-15
letter-probability matrix: alength= 4 w= 13 nsites= 107 E= 4.0e-001
 0.000409 0.987016 0.012165 0.000409
 0.047322 0.059224 0.070806 0.822648
 0.059080 0.094379 0.023893 0.822648
 0.023866 0.975288 0.000437 0.000409
 0.070779 0.916618 0.000437 0.012167
 0.012138 0.035679 0.105990 0.846193
 0.047322 0.811093 0.141175 0.000409
 0.035594 0.717093 0.082534 0.164779
 0.000409 0.035650 0.035621 0.928319
 0.000409 0.799336 0.094262 0.105992
 0.023866 0.822734 0.070806 0.082594
 0.141177 0.411127 0.082534 0.365162
 0.035594 0.881433 0.059107 0.023866

MOTIF 16-AAAAAMAAAAAA STREME-16
letter-probability matrix: alength= 4 w= 12 nsites= 96 E= 4.7e-001
 0.986648 0.000447 0.012486 0.000419
 0.962539 0.000447 0.024585 0.012429
 0.902373 0.036654 0.024466 0.036507
 0.933073 0.000447 0.005411 0.061068
 0.992682 0.006452 0.000447 0.000419
 0.357600 0.537038 0.077593 0.027768
 0.979906 0.012486 0.000447 0.007161
 0.986648 0.000447 0.012486 0.000419
 0.938431 0.024555 0.036595 0.000419
 0.919546 0.055569 0.000447 0.024438
 0.938370 0.048754 0.000447 0.012429
 0.899893 0.061559 0.024646 0.013902

MOTIF 17-CGTGAGCCACC STREME-17
letter-probability matrix: alength= 4 w= 11 nsites= 59 E= 4.7e-001
 0.000641 0.998035 0.000683 0.000641
 0.188128 0.000683 0.792096 0.019092
 0.000641 0.000683 0.000683 0.997992
 0.019001 0.000683 0.979675 0.000641
 0.970407 0.019089 0.000683 0.009821
 0.019001 0.000683 0.979675 0.000641
 0.000641 0.998035 0.000683 0.000641
 0.000641 0.961315 0.019043 0.019001
 0.942500 0.000683 0.000683 0.056133
 0.000641 0.961224 0.000683 0.037452
 0.000641 0.849395 0.019043 0.130921

MOTIF 18-AAAAAAYAAAAATA STREME-18
letter-probability matrix: alength= 4 w= 14 nsites= 77 E= 5.4e-001
 0.764390 0.055596 0.014283 0.165730
 0.640385 0.138289 0.193304 0.028022
 0.984723 0.000513 0.014283 0.000481
 0.736780 0.000513 0.000513 0.262194
 0.998494 0.000513 0.000513 0.000481
 0.874523 0.000513 0.124484 0.000481
 0.000481 0.502228 0.014283 0.483007
 0.860786 0.000513 0.000513 0.138189
 0.723078 0.000513 0.275929 0.000481
 0.860683 0.014283 0.000513 0.124521
 0.805703 0.096908 0.000513 0.096876
 0.874488 0.014283 0.041893 0.069335
 0.124658 0.207143 0.152197 0.516002
 0.998494 0.000513 0.000513 0.000481

MOTIF 19-CGGGCGGATCACSWG STREME-19
letter-probability matrix: alength= 4 w= 15 nsites= 44 E= 5.4e-001
 0.000913 0.892575 0.000974 0.105538
 0.263061 0.027130 0.708896 0.000913
 0.000913 0.000974 0.971044 0.027069
 0.027069 0.000974 0.971044 0.000913
 0.000913 0.683260 0.000974 0.314853
 0.053226 0.000974 0.944888 0.000913
 0.053226 0.027130 0.892575 0.027069
 0.970983 0.000974 0.027130 0.000913
 0.000913 0.027130 0.027130 0.944827
 0.027069 0.944888 0.000974 0.027069
 0.997140 0.000974 0.000974 0.000913
 0.000913 0.866419 0.027130 0.105538
 0.105929 0.316226 0.550775 0.027069
 0.551106 0.000974 0.027130 0.420790
 0.000913 0.000974 0.997200 0.000913

MOTIF 20-CCCGCGCCGCGCCC STREME-20
letter-probability matrix: alength= 4 w= 14 nsites= 82 E= 6.7e-001
 0.000452 0.700586 0.194848 0.104114
 0.013410 0.739330 0.246808 0.000452
 0.039326 0.933824 0.013440 0.013410
 0.013410 0.000482 0.868971 0.117136
 0.078199 0.907909 0.013440 0.000452
 0.026368 0.065271 0.907909 0.000452
 0.013410 0.946782 0.013440 0.026368
 0.000452 0.869036 0.013440 0.117072
 0.026368 0.169061 0.791161 0.013410
 0.026368 0.946782 0.013440 0.013410
 0.091156 0.143081 0.674606 0.091156
 0.130030 0.570944 0.207870 0.091156
 0.039326 0.739459 0.181890 0.039326
 0.013410 0.907909 0.078229 0.000452

MOTIF 21-CCGCCGCCGCCS STREME-21
letter-probability matrix: alength= 4 w= 12 nsites= 98 E= 1.0e+000
 0.000451 0.949505 0.023680 0.026364
 0.013638 0.880759 0.105152 0.000451
 0.000451 0.026589 0.972509 0.000451
 0.044566 0.954501 0.000481 0.000451
 0.013440 0.946629 0.039480 0.000451
 0.000451 0.093937 0.892204 0.013407
 0.000451 0.972736 0.013437 0.013375
 0.039811 0.933111 0.000481 0.026597
 0.092259 0.000481 0.885090 0.022170
 0.013407 0.933835 0.000481 0.052276
 0.026299 0.959648 0.013601 0.000451
 0.052806 0.450402 0.483051 0.013741

MOTIF 22-CCCGGGAGGCGGAGG STREME-22
letter-probability matrix: alength= 4 w= 15 nsites= 90 E= 1.0e+000
 0.011103 0.945210 0.021856 0.021831
 0.032559 0.870059 0.054041 0.043341
 0.032559 0.859250 0.011128 0.097063
 0.150731 0.011128 0.816310 0.021831
 0.107711 0.011128 0.880787 0.000375
 0.075473 0.021856 0.870112 0.032559
 0.923729 0.054041 0.011128 0.011103
 0.011103 0.096954 0.870112 0.021831
 0.086201 0.000399 0.859384 0.054016
 0.107657 0.644551 0.000399 0.247392
 0.182942 0.011128 0.773317 0.032613
 0.011103 0.054041 0.923754 0.011103
 0.719891 0.172052 0.032584 0.075473
 0.054016 0.086226 0.859384 0.000375
 0.129167 0.215126 0.623148 0.032559

MOTIF 23-AGGAGAATCDCTTGA STREME-23
letter-probability matrix: alength= 4 w= 15 nsites= 46 E= 4.2e+000
 0.966575 0.001121 0.031252 0.001052
 0.121573 0.031252 0.846123 0.001052
 0.001052 0.031252 0.936514 0.031182
 0.936444 0.001121 0.001121 0.061313
 0.031182 0.031252 0.906384 0.031182
 0.846054 0.001121 0.151773 0.001052
 0.936444 0.001121 0.031252 0.031182
 0.001052 0.031252 0.031252 0.936444
 0.061313 0.664588 0.212712 0.061387
 0.272300 0.031252 0.363513 0.332936
 0.001052 0.936514 0.061382 0.001052
 0.091443 0.031252 0.092190 0.785115
 0.061313 0.031252 0.031252 0.876184
 0.031182 0.031252 0.845973 0.091593
 0.785793 0.001121 0.031252 0.181834

MOTIF 24-CGGGGCTGCAGG STREME-24
letter-probability matrix: alength= 4 w= 12 nsites= 65 E= 8.2e+000
 0.016885 0.949228 0.033318 0.000570
 0.033199 0.049593 0.916638 0.000570
 0.016885 0.049552 0.867734 0.065829
 0.131373 0.000607 0.769479 0.098540
 0.000570 0.049552 0.884049 0.065829
 0.033199 0.835104 0.098497 0.033199
 0.082144 0.123924 0.040144 0.753788
 0.016885 0.000607 0.981939 0.000570
 0.065829 0.835023 0.098578 0.000570
 0.595301 0.091009 0.164082 0.149608
 0.000570 0.033237 0.965624 0.000570
 0.000570 0.084346 0.891456 0.023629

MOTIF 25-SAAAACAAAACWDAA STREME-25
letter-probability matrix: alength= 4 w= 15 nsites= 78 E= 1.6e+001
 0.000488 0.579305 0.405746 0.014461
 0.872712 0.098333 0.028467 0.000488
 0.830792 0.168200 0.000520 0.000488
 0.900659 0.028467 0.070387 0.000488
 0.956552 0.042440 0.000520 0.000488
 0.000488 0.872745 0.000520 0.126247
 0.593177 0.028467 0.210119 0.168237
 0.970525 0.000520 0.028467 0.000488
 0.774899 0.140253 0.084360 0.000488
 0.601374 0.182173 0.000520 0.215933
 0.266050 0.587433 0.146029 0.000488
 0.299738 0.126280 0.056413 0.517569
 0.266015 0.056413 0.425565 0.252007
 0.705033 0.042440 0.042440 0.210087
 0.727203 0.014493 0.257816 0.000488

********************************************************************************
Stopped because 3 consecutive motifs exceeded the p-value threshold (0.05).
********************************************************************************
COMMAND:	streme --verbosity 1 --oc . --dna --totallength 4000000 --time 14400 --minw 8 --maxw 15 --thresh 0.05 --align center --dfile description --p stable_active.bed.fa
********************************************************************************
CPU:		noble-meme.grid.gs.washington.edu
********************************************************************************
FINALTIME:	153.19 seconds
********************************************************************************

