********************************************************************************
STREME - Sensitive, Thorough, Rapid, Enriched Motif Elicitation
********************************************************************************
MEME version 5.5.2 (Release date: Sun Jan 29 10:33:12 2023 -0800)

For further information on how to interpret these results please access https://meme-suite.org/meme.
To get a copy of the MEME Suite software please access https://meme-suite.org.

********************************************************************************


********************************************************************************
REFERENCE
********************************************************************************
If you use this program in your research, please cite:

Timothy L. Bailey,
"STREME: accurate and versatile sequence motif discovery",
Bioinformatics, Mar. 24, 2021.
********************************************************************************


ALPHABET= ACGT

strands: + -

Background letter frequencies
A 0.217 C 0.283 G 0.283 T 0.217 

MOTIF 1-CCAGCCTGGSCAAC STREME-1
letter-probability matrix: alength= 4 w= 14 nsites= 54 E= 1.7e-002
 0.046848 0.928425 0.024005 0.000722
 0.000722 0.928425 0.070131 0.000722
 0.974331 0.000942 0.024005 0.000722
 0.000722 0.047068 0.766715 0.185495
 0.046848 0.928425 0.000942 0.023785
 0.046848 0.905362 0.047068 0.000722
 0.000722 0.000942 0.000942 0.997394
 0.069911 0.024005 0.905362 0.000722
 0.046848 0.000942 0.928425 0.023785
 0.069956 0.604959 0.324364 0.000722
 0.069911 0.812931 0.024005 0.093153
 0.997394 0.000942 0.000942 0.000722
 0.835953 0.070131 0.093194 0.000722
 0.000722 0.997615 0.000942 0.000722

MOTIF 2-CCYGCCTCVGCCTCC STREME-2
letter-probability matrix: alength= 4 w= 15 nsites= 84 E= 1.7e-002
 0.040139 0.918918 0.040529 0.000414
 0.013656 0.866188 0.119742 0.000414
 0.000414 0.638896 0.027024 0.333665
 0.133011 0.000541 0.852792 0.013656
 0.026898 0.958905 0.013783 0.000414
 0.013656 0.985389 0.000541 0.000414
 0.000414 0.040266 0.252782 0.706538
 0.000414 0.932422 0.000541 0.066623
 0.360666 0.292532 0.346387 0.000414
 0.040139 0.040266 0.892671 0.026923
 0.013656 0.905913 0.027024 0.053407
 0.000414 0.932422 0.066749 0.000414
 0.026898 0.000541 0.239540 0.733021
 0.000414 0.985389 0.000541 0.013656
 0.000414 0.985389 0.000541 0.013656

MOTIF 3-GATTACAGGCGTGA STREME-3
letter-probability matrix: alength= 4 w= 14 nsites= 54 E= 4.6e-002
 0.024164 0.000957 0.974145 0.000733
 0.997353 0.000957 0.000957 0.000733
 0.000733 0.047820 0.000957 0.950490
 0.024164 0.000957 0.047820 0.927059
 0.997353 0.000957 0.000957 0.000733
 0.000733 0.927237 0.047820 0.024210
 0.950490 0.024388 0.000957 0.024164
 0.071027 0.047820 0.880420 0.000733
 0.047596 0.024388 0.903851 0.024164
 0.000733 0.762991 0.024388 0.211888
 0.189052 0.000957 0.762395 0.047596
 0.000733 0.000957 0.024388 0.973922
 0.000733 0.000957 0.997577 0.000733
 0.903491 0.047956 0.000957 0.047596

MOTIF 4-ACCCCGTCTC STREME-4
letter-probability matrix: alength= 4 w= 10 nsites= 63 E= 1.2e-001
 0.926128 0.072584 0.000729 0.000559
 0.000559 0.998153 0.000729 0.000559
 0.000559 0.810908 0.072167 0.116366
 0.000559 0.802615 0.000729 0.196097
 0.000559 0.852727 0.000729 0.145984
 0.000559 0.000729 0.998153 0.000559
 0.018418 0.000729 0.072584 0.908268
 0.000559 0.998153 0.000729 0.000559
 0.071996 0.081654 0.000729 0.845620
 0.000559 0.887169 0.111714 0.000559

MOTIF 5-AGTAGCTGGGACTAC STREME-5
letter-probability matrix: alength= 4 w= 15 nsites= 40 E= 1.2e-001
 0.903432 0.001267 0.063309 0.031992
 0.031992 0.001267 0.965770 0.000971
 0.031992 0.001267 0.001267 0.965474
 0.965474 0.001267 0.001267 0.031992
 0.031992 0.063309 0.903728 0.000971
 0.031992 0.934749 0.001267 0.031992
 0.000971 0.001267 0.001267 0.996495
 0.031992 0.001267 0.965770 0.000971
 0.031992 0.001267 0.965770 0.000971
 0.156076 0.032288 0.810665 0.000971
 0.872411 0.001267 0.032288 0.094034
 0.000971 0.685062 0.032288 0.281679
 0.000971 0.125472 0.063309 0.810249
 0.841390 0.032288 0.063309 0.063013
 0.125055 0.593517 0.094330 0.187097

MOTIF 6-CCCCRCCCCCRCCC STREME-6
letter-probability matrix: alength= 4 w= 14 nsites= 99 E= 2.8e-001
 0.000368 0.798801 0.035759 0.165072
 0.000368 0.751785 0.212200 0.035647
 0.000368 0.998784 0.000480 0.000368
 0.023887 0.928203 0.000480 0.047429
 0.339697 0.000480 0.565354 0.094468
 0.000368 0.975242 0.000480 0.023910
 0.000368 0.739843 0.235902 0.023887
 0.012128 0.928226 0.000480 0.059166
 0.023887 0.911601 0.000480 0.064032
 0.012128 0.834103 0.118122 0.035647
 0.534837 0.024045 0.271249 0.169869
 0.012128 0.939985 0.024000 0.023887
 0.000368 0.834103 0.165161 0.000368
 0.000368 0.845748 0.129974 0.023910

MOTIF 7-CCCGCCCCGCCCCS STREME-7
letter-probability matrix: alength= 4 w= 14 nsites= 91 E= 2.8e-001
 0.078479 0.876071 0.000456 0.044995
 0.000349 0.764392 0.179102 0.056156
 0.000349 0.726182 0.273120 0.000349
 0.011511 0.000456 0.987684 0.000349
 0.000349 0.831360 0.112134 0.056156
 0.000349 0.853705 0.000456 0.145490
 0.011511 0.976523 0.000456 0.011511
 0.022672 0.876071 0.000456 0.100801
 0.089683 0.000456 0.909512 0.000349
 0.000349 0.842500 0.134479 0.022672
 0.044995 0.641574 0.234952 0.078479
 0.056156 0.786737 0.156758 0.000349
 0.000349 0.753274 0.212543 0.033833
 0.000349 0.335491 0.585681 0.078479

MOTIF 8-AACAAAACAAAA STREME-8
letter-probability matrix: alength= 4 w= 12 nsites= 59 E= 2.8e-001
 0.881782 0.093448 0.000944 0.023827
 0.756615 0.000944 0.093358 0.149083
 0.126475 0.802457 0.047241 0.023827
 0.849073 0.056845 0.024047 0.070034
 0.997390 0.000944 0.000944 0.000723
 0.997390 0.000944 0.000944 0.000723
 0.845538 0.129691 0.024047 0.000723
 0.135719 0.829951 0.010503 0.023827
 0.951182 0.000944 0.024047 0.023827
 0.849208 0.056710 0.093358 0.000723
 0.927989 0.024047 0.047241 0.000723
 0.733511 0.079814 0.162849 0.023827

MOTIF 9-GCTCACTGCAA STREME-9
letter-probability matrix: alength= 4 w= 11 nsites= 50 E= 2.8e-001
 0.000736 0.024482 0.974046 0.000736
 0.047779 0.887423 0.000961 0.063837
 0.000736 0.024482 0.048003 0.926779
 0.000736 0.997567 0.000961 0.000736
 0.973776 0.024527 0.000961 0.000736
 0.000736 0.879915 0.000961 0.118388
 0.047870 0.000961 0.000961 0.950209
 0.095095 0.000961 0.903208 0.000736
 0.000736 0.997567 0.000961 0.000736
 0.950255 0.000961 0.024527 0.024257
 0.807930 0.000961 0.190373 0.000736

MOTIF 10-AAAAAGGAAAGAAAA STREME-10
letter-probability matrix: alength= 4 w= 15 nsites= 60 E= 2.8e-001
 0.724022 0.098546 0.157271 0.020161
 0.900043 0.039898 0.059447 0.000612
 0.841395 0.039898 0.078997 0.039711
 0.841395 0.059447 0.059447 0.039711
 0.919593 0.020348 0.020348 0.039711
 0.098360 0.020348 0.802482 0.078810
 0.176709 0.000798 0.821880 0.000612
 0.900043 0.039898 0.059447 0.000612
 0.919593 0.059447 0.000798 0.020161
 0.860944 0.000798 0.020348 0.117909
 0.157008 0.059447 0.724284 0.059260
 0.782746 0.059447 0.118096 0.039711
 0.860944 0.020348 0.078997 0.039711
 0.860944 0.020348 0.059447 0.059260
 0.763196 0.020348 0.098546 0.117909

MOTIF 11-GCCACCGCGCCCGGC STREME-11
letter-probability matrix: alength= 4 w= 15 nsites= 36 E= 2.8e-001
 0.091409 0.001232 0.906415 0.000944
 0.000944 0.996881 0.001232 0.000944
 0.000944 0.966726 0.031387 0.000944
 0.966438 0.001232 0.031387 0.000944
 0.031099 0.846105 0.061542 0.061254
 0.000944 0.755581 0.061542 0.181933
 0.181875 0.031387 0.785794 0.000944
 0.000944 0.755581 0.031387 0.212089
 0.121681 0.001232 0.845988 0.031099
 0.031099 0.966726 0.001232 0.000944
 0.000944 0.906415 0.061542 0.031099
 0.000944 0.785678 0.031387 0.181992
 0.181875 0.031387 0.785794 0.000944
 0.000944 0.091697 0.906415 0.000944
 0.000944 0.936571 0.001232 0.061254

MOTIF 12-CCAGCCTGGGTGACA STREME-12
letter-probability matrix: alength= 4 w= 15 nsites= 35 E= 2.8e-001
 0.019718 0.934827 0.025736 0.019718
 0.019718 0.934827 0.025736 0.019718
 0.928809 0.025736 0.025736 0.019718
 0.019718 0.025736 0.934827 0.019718
 0.019718 0.934827 0.025736 0.019718
 0.019718 0.934827 0.025736 0.019718
 0.019718 0.025736 0.025736 0.928809
 0.019718 0.025736 0.934827 0.019718
 0.019718 0.025736 0.934827 0.019718
 0.019718 0.025736 0.934827 0.019718
 0.019718 0.025736 0.025736 0.928809
 0.019718 0.025736 0.934827 0.019718
 0.928809 0.025736 0.025736 0.019718
 0.019718 0.934827 0.025736 0.019718
 0.928809 0.025736 0.025736 0.019718

MOTIF 13-AAGTGCTGG STREME-13
letter-probability matrix: alength= 4 w= 9 nsites= 43 E= 2.8e-001
 0.928809 0.025736 0.025736 0.019718
 0.928809 0.025736 0.025736 0.019718
 0.019718 0.025736 0.934827 0.019718
 0.019718 0.025736 0.025736 0.928809
 0.019718 0.025736 0.934827 0.019718
 0.019718 0.934827 0.025736 0.019718
 0.019718 0.025736 0.025736 0.928809
 0.019718 0.025736 0.934827 0.019718
 0.019718 0.025736 0.934827 0.019718

MOTIF 14-GGAGGAGAGGGAGV STREME-14
letter-probability matrix: alength= 4 w= 14 nsites= 85 E= 6.1e-001
 0.047761 0.036027 0.915841 0.000371
 0.024066 0.024179 0.939536 0.012218
 0.915728 0.000484 0.012332 0.071457
 0.035914 0.083417 0.880298 0.000371
 0.012218 0.000484 0.986927 0.000371
 0.882229 0.064624 0.052776 0.000371
 0.000371 0.076472 0.922787 0.000371
 0.526615 0.064670 0.254324 0.154390
 0.035914 0.178245 0.702491 0.083350
 0.000371 0.000484 0.809120 0.190025
 0.071457 0.024179 0.903993 0.000371
 0.726120 0.178199 0.095311 0.000371
 0.147490 0.083417 0.721331 0.047761
 0.384444 0.218644 0.337304 0.059609

MOTIF 15-GTATTTTTAGTA STREME-15
letter-probability matrix: alength= 4 w= 12 nsites= 48 E= 6.6e-001
 0.062686 0.062843 0.832518 0.041953
 0.000646 0.021497 0.000844 0.977013
 0.997667 0.000844 0.000844 0.000646
 0.021300 0.042150 0.042150 0.894401
 0.083259 0.000844 0.000844 0.915054
 0.062646 0.042150 0.042150 0.853054
 0.062606 0.021497 0.021497 0.894401
 0.000646 0.083536 0.000844 0.914974
 0.915054 0.021497 0.021497 0.041953
 0.103912 0.042150 0.688026 0.165912
 0.083259 0.083456 0.042190 0.791094
 0.894321 0.042150 0.000844 0.062686

MOTIF 16-TCCTGACCTCA STREME-16
letter-probability matrix: alength= 4 w= 11 nsites= 45 E= 6.6e-001
 0.104515 0.052935 0.001057 0.841493
 0.000810 0.971434 0.001057 0.026699
 0.052688 0.919556 0.026946 0.000810
 0.000810 0.001057 0.001057 0.997075
 0.000810 0.001057 0.997322 0.000810
 0.735747 0.053036 0.210407 0.000810
 0.026699 0.971434 0.001057 0.000810
 0.000810 0.945495 0.052885 0.000810
 0.000810 0.001057 0.001057 0.997075
 0.000810 0.945445 0.001057 0.052688
 0.762453 0.001057 0.209791 0.026699

MOTIF 17-AGTGCAGTGGC STREME-17
letter-probability matrix: alength= 4 w= 11 nsites= 38 E= 6.6e-001
 0.996022 0.001438 0.001438 0.001102
 0.001102 0.001438 0.996359 0.001102
 0.001102 0.001438 0.001438 0.996022
 0.036309 0.001438 0.961152 0.001102
 0.036309 0.925945 0.001438 0.036309
 0.925608 0.036645 0.036645 0.001102
 0.071789 0.001438 0.890464 0.036309
 0.001102 0.001438 0.001438 0.996022
 0.107133 0.001438 0.819777 0.071652
 0.001102 0.001438 0.961152 0.036309
 0.001102 0.890121 0.001438 0.107340

MOTIF 18-AATTAGCCGGGCGT STREME-18
letter-probability matrix: alength= 4 w= 14 nsites= 32 E= 6.6e-001
 0.893358 0.104171 0.001399 0.001072
 0.996130 0.001399 0.001399 0.001072
 0.001072 0.001399 0.001399 0.996130
 0.001072 0.001399 0.001399 0.996130
 0.996130 0.001399 0.001399 0.001072
 0.069587 0.001399 0.927942 0.001072
 0.001072 0.962200 0.001399 0.035329
 0.035329 0.721867 0.001399 0.241405
 0.241405 0.001399 0.653352 0.103844
 0.001072 0.001399 0.996457 0.001072
 0.035329 0.035656 0.927942 0.001072
 0.001072 0.756124 0.001399 0.241405
 0.241139 0.001399 0.722133 0.035329
 0.001072 0.035656 0.069914 0.893358

MOTIF 19-AAATAAATATA STREME-19
letter-probability matrix: alength= 4 w= 11 nsites= 33 E= 6.6e-001
 0.928809 0.025736 0.025736 0.019718
 0.928809 0.025736 0.025736 0.019718
 0.928809 0.025736 0.025736 0.019718
 0.019718 0.025736 0.025736 0.928809
 0.928809 0.025736 0.025736 0.019718
 0.928809 0.025736 0.025736 0.019718
 0.928809 0.025736 0.025736 0.019718
 0.019718 0.025736 0.025736 0.928809
 0.928809 0.025736 0.025736 0.019718
 0.019718 0.025736 0.025736 0.928809
 0.928809 0.025736 0.025736 0.019718

MOTIF 20-CGCCGCCCCG STREME-20
letter-probability matrix: alength= 4 w= 10 nsites= 70 E= 1.2e+000
 0.000909 0.996994 0.001187 0.000909
 0.000909 0.001187 0.996994 0.000909
 0.000909 0.899124 0.099057 0.000909
 0.000909 0.918036 0.080145 0.000909
 0.000909 0.001187 0.996994 0.000909
 0.088433 0.807368 0.045053 0.059146
 0.000909 0.866284 0.102722 0.030084
 0.000909 0.757767 0.123029 0.118294
 0.000909 0.918036 0.080145 0.000909
 0.000909 0.001187 0.996994 0.000909

MOTIF 21-GGAAGGAGGAT STREME-21
letter-probability matrix: alength= 4 w= 11 nsites= 104 E= 1.2e+000
 0.084883 0.012878 0.852170 0.050069
 0.000387 0.099700 0.899526 0.000387
 0.984723 0.000505 0.014385 0.000387
 0.931574 0.000505 0.000505 0.067415
 0.000387 0.042741 0.919296 0.037576
 0.048833 0.037670 0.863597 0.049900
 0.818211 0.012878 0.168524 0.000387
 0.090702 0.037622 0.834172 0.037504
 0.071266 0.129620 0.761394 0.037721
 0.783334 0.008753 0.095107 0.112806
 0.217497 0.128697 0.160132 0.493673

MOTIF 22-AAAAAAAAAAAARW STREME-22
letter-probability matrix: alength= 4 w= 14 nsites= 69 E= 1.3e+000
 0.998218 0.000644 0.000644 0.000493
 0.998218 0.000644 0.000644 0.000493
 0.824451 0.158642 0.016413 0.000493
 0.950911 0.000644 0.047952 0.000493
 0.998218 0.000644 0.000644 0.000493
 0.729188 0.253906 0.000644 0.016263
 0.934989 0.000644 0.063874 0.000493
 0.998218 0.000644 0.000644 0.000493
 0.982419 0.000644 0.000644 0.016293
 0.998218 0.000644 0.000644 0.000493
 0.871447 0.127415 0.000644 0.000493
 0.998218 0.000644 0.000644 0.000493
 0.554175 0.032182 0.413149 0.000493
 0.426008 0.079984 0.000644 0.493365

MOTIF 23-CCCGGGTTCAAG STREME-23
letter-probability matrix: alength= 4 w= 12 nsites= 51 E= 1.3e+000
 0.080102 0.898595 0.000812 0.020492
 0.020492 0.838985 0.000812 0.139712
 0.060232 0.759042 0.000812 0.179915
 0.159813 0.000812 0.838754 0.000622
 0.100049 0.000812 0.898518 0.000622
 0.020530 0.000812 0.978036 0.000622
 0.040362 0.100393 0.000812 0.858434
 0.000622 0.060422 0.000812 0.938145
 0.000622 0.878725 0.120031 0.000622
 0.779108 0.000812 0.020682 0.199399
 0.858588 0.120108 0.000812 0.020492
 0.000622 0.080330 0.918426 0.000622

MOTIF 24-CCCGGCCGCC STREME-24
letter-probability matrix: alength= 4 w= 10 nsites= 63 E= 1.3e+000
 0.000798 0.997363 0.001041 0.000798
 0.113645 0.684012 0.201545 0.000798
 0.000798 0.997363 0.001041 0.000798
 0.000798 0.001041 0.997363 0.000798
 0.241542 0.001041 0.756618 0.000798
 0.000798 0.997363 0.001041 0.000798
 0.000798 0.997363 0.001041 0.000798
 0.000798 0.001041 0.997363 0.000798
 0.051897 0.664971 0.001041 0.282091
 0.000798 0.743146 0.255259 0.000798

MOTIF 25-CTCAGTTTCCCC STREME-25
letter-probability matrix: alength= 4 w= 12 nsites= 27 E= 1.3e+000
 0.001714 0.994334 0.002238 0.001714
 0.001714 0.002238 0.002238 0.993811
 0.001714 0.994334 0.002238 0.001714
 0.939027 0.057021 0.002238 0.001714
 0.001714 0.002238 0.994334 0.001714
 0.001714 0.278294 0.002238 0.717754
 0.001714 0.002238 0.002238 0.993811
 0.001714 0.002238 0.002238 0.993811
 0.001714 0.994334 0.002238 0.001714
 0.001714 0.829345 0.002238 0.166703
 0.001714 0.939550 0.002238 0.056498
 0.056498 0.884767 0.057021 0.001714

MOTIF 26-CCTGCCTBCTC STREME-26
letter-probability matrix: alength= 4 w= 11 nsites= 93 E= 2.2e+000
 0.000413 0.713914 0.245427 0.040246
 0.000413 0.998636 0.000539 0.000413
 0.000413 0.000539 0.000539 0.998510
 0.013600 0.000539 0.978052 0.007810
 0.000413 0.998636 0.000539 0.000413
 0.085019 0.569779 0.119405 0.225797
 0.000413 0.000539 0.000539 0.998510
 0.000413 0.473965 0.243950 0.281672
 0.000413 0.998636 0.000539 0.000413
 0.079357 0.128642 0.000539 0.791463
 0.000413 0.697513 0.209810 0.092265

MOTIF 27-CAGCAGCAGCAGCG STREME-27
letter-probability matrix: alength= 4 w= 14 nsites= 64 E= 4.8e+000
 0.016074 0.982802 0.000637 0.000488
 0.920309 0.000637 0.078567 0.000488
 0.016074 0.000637 0.951630 0.031660
 0.047246 0.842527 0.078567 0.031660
 0.655194 0.000637 0.218993 0.125176
 0.031690 0.000637 0.889255 0.078418
 0.062832 0.936044 0.000637 0.000488
 0.608466 0.078567 0.265721 0.047246
 0.109590 0.109800 0.748950 0.031660
 0.047246 0.842527 0.109739 0.000488
 0.499363 0.125325 0.203316 0.171995
 0.031660 0.047395 0.873699 0.047246
 0.016074 0.920427 0.000637 0.062862
 0.187521 0.140972 0.655434 0.016074

MOTIF 28-CACAMACACAC STREME-28
letter-probability matrix: alength= 4 w= 11 nsites= 44 E= 8.5e+000
 0.115998 0.882352 0.000934 0.000716
 0.951572 0.046778 0.000934 0.000716
 0.000716 0.997634 0.000934 0.000716
 0.859661 0.115587 0.024036 0.000716
 0.390745 0.561761 0.046778 0.000716
 0.882493 0.023812 0.092980 0.000716
 0.046559 0.951791 0.000934 0.000716
 0.997415 0.000934 0.000934 0.000716
 0.138651 0.790889 0.000934 0.069525
 0.997415 0.000934 0.000934 0.000716
 0.000716 0.997634 0.000934 0.000716

********************************************************************************
Stopped because 3 consecutive motifs exceeded the p-value threshold (0.05).
********************************************************************************
COMMAND:	streme --verbosity 1 --oc . --dna --totallength 4000000 --time 14400 --minw 8 --maxw 15 --thresh 0.05 --align center --p dyn_all.bed.fa
********************************************************************************
CPU:		noble-meme.grid.gs.washington.edu
********************************************************************************
FINALTIME:	199.11 seconds
********************************************************************************

