********************************************************************************
STREME - Sensitive, Thorough, Rapid, Enriched Motif Elicitation
********************************************************************************
MEME version 5.5.2 (Release date: Sun Jan 29 10:33:12 2023 -0800)

For further information on how to interpret these results please access https://meme-suite.org/meme.
To get a copy of the MEME Suite software please access https://meme-suite.org.

********************************************************************************


********************************************************************************
REFERENCE
********************************************************************************
If you use this program in your research, please cite:

Timothy L. Bailey,
"STREME: accurate and versatile sequence motif discovery",
Bioinformatics, Mar. 24, 2021.
********************************************************************************


ALPHABET= ACGT

strands: + -

Background letter frequencies
A 0.274 C 0.226 G 0.226 T 0.274 

MOTIF 1-GCTGGGATTACAGG STREME-1
letter-probability matrix: alength= 4 w= 14 nsites= 789 E= 8.6e-029
 0.020253 0.004081 0.964842 0.010824
 0.000054 0.961423 0.005416 0.033107
 0.000054 0.001387 0.000044 0.998516
 0.027112 0.000044 0.970103 0.002742
 0.023048 0.002729 0.974170 0.000054
 0.013549 0.004081 0.982317 0.000054
 0.994475 0.000044 0.004084 0.001397
 0.002742 0.138303 0.001387 0.857569
 0.004084 0.001390 0.001389 0.993136
 0.994483 0.002731 0.001390 0.001397
 0.001397 0.955163 0.002734 0.040705
 0.991798 0.002730 0.002730 0.002742
 0.022293 0.001387 0.974924 0.001396
 0.023031 0.009462 0.959383 0.008124

MOTIF 2-CCAGCCTGGGCAACA STREME-2
letter-probability matrix: alength= 4 w= 15 nsites= 787 E= 3.0e-028
 0.004204 0.974935 0.006963 0.013897
 0.004207 0.952769 0.000045 0.042979
 0.998472 0.000045 0.001428 0.000055
 0.019452 0.001428 0.953964 0.025155
 0.000055 0.970751 0.002811 0.026383
 0.001438 0.983237 0.001428 0.013897
 0.001438 0.012493 0.000045 0.986024
 0.029130 0.000045 0.969387 0.001438
 0.032780 0.002811 0.960206 0.004203
 0.025009 0.240943 0.713819 0.020229
 0.005594 0.862280 0.001428 0.130698
 0.752812 0.000045 0.247087 0.000055
 0.990170 0.000045 0.009730 0.000055
 0.006975 0.955515 0.002812 0.034697
 0.973560 0.001428 0.024956 0.000055

MOTIF 3-GAGGTTGCAGTGAGC STREME-3
letter-probability matrix: alength= 4 w= 15 nsites= 701 E= 4.9e-026
 0.059911 0.001623 0.932120 0.006346
 0.980973 0.001622 0.009484 0.007921
 0.026846 0.007909 0.954180 0.011064
 0.024317 0.065208 0.904127 0.006348
 0.000063 0.194982 0.006337 0.798618
 0.004776 0.000052 0.004765 0.990408
 0.029953 0.003193 0.958934 0.007920
 0.004776 0.955795 0.007907 0.031522
 0.957353 0.003193 0.036249 0.003204
 0.037805 0.003196 0.958937 0.000063
 0.004777 0.004765 0.011051 0.979408
 0.025247 0.009477 0.963643 0.001633
 0.986614 0.004764 0.008559 0.000063
 0.037816 0.004766 0.955784 0.001633
 0.007917 0.958955 0.004765 0.028362

MOTIF 4-GAGGCTGAGGCAGGA STREME-4
letter-probability matrix: alength= 4 w= 15 nsites= 742 E= 2.3e-024
 0.021438 0.005742 0.971339 0.001480
 0.984175 0.002894 0.008603 0.004328
 0.039978 0.004316 0.954225 0.001480
 0.032832 0.001633 0.959784 0.005750
 0.000057 0.992766 0.004274 0.002903
 0.005756 0.094325 0.001470 0.898450
 0.055739 0.000047 0.942734 0.001480
 0.985612 0.000047 0.012861 0.001480
 0.028601 0.000047 0.971295 0.000057
 0.012913 0.000047 0.986984 0.000057
 0.005750 0.844837 0.000047 0.149366
 0.816248 0.002893 0.180802 0.000057
 0.046298 0.018597 0.922212 0.012893
 0.032861 0.001470 0.962766 0.002903
 0.864112 0.072964 0.007165 0.055759

MOTIF 5-AACTCCTGACCTCAR STREME-5
letter-probability matrix: alength= 4 w= 15 nsites= 701 E= 1.7e-023
 0.993548 0.000052 0.006338 0.000063
 0.879897 0.009521 0.018920 0.091662
 0.003206 0.971507 0.000052 0.025236
 0.004778 0.011056 0.000052 0.984115
 0.003208 0.973083 0.000052 0.023657
 0.003206 0.942555 0.003194 0.051045
 0.000063 0.039388 0.000052 0.960498
 0.034674 0.003195 0.962068 0.000063
 0.689887 0.000052 0.306856 0.003206
 0.033160 0.723169 0.221586 0.022085
 0.004778 0.964591 0.000052 0.030580
 0.006350 0.006341 0.004766 0.982544
 0.000063 0.974661 0.001624 0.023652
 0.890864 0.001623 0.096445 0.011068
 0.519386 0.002272 0.334631 0.143712

MOTIF 6-CRTCTCTACTAAAAA STREME-6
letter-probability matrix: alength= 4 w= 15 nsites= 656 E= 1.9e-023
 0.015058 0.720310 0.006716 0.257916
 0.344113 0.010046 0.640779 0.005062
 0.006726 0.018376 0.003384 0.971514
 0.005060 0.969845 0.006715 0.018380
 0.006724 0.008381 0.000055 0.984840
 0.003395 0.976500 0.006719 0.013386
 0.000066 0.008381 0.000055 0.991498
 0.977169 0.003384 0.014386 0.005061
 0.003396 0.950509 0.002721 0.043373
 0.158011 0.032879 0.010043 0.799067
 0.968188 0.006713 0.020038 0.005060
 0.986506 0.000055 0.010044 0.003395
 0.978182 0.008377 0.010043 0.003397
 0.976514 0.003384 0.006714 0.013388
 0.949866 0.005050 0.011708 0.033375

MOTIF 7-AGTGCAGTGGCGCGA STREME-7
letter-probability matrix: alength= 4 w= 15 nsites= 635 E= 3.1e-022
 0.960951 0.003590 0.026558 0.008901
 0.033638 0.015956 0.943272 0.007135
 0.005369 0.007122 0.007122 0.980387
 0.054843 0.001824 0.937085 0.006249
 0.005369 0.960939 0.007123 0.026569
 0.953890 0.010654 0.030087 0.005369
 0.129170 0.003590 0.865402 0.001838
 0.007135 0.007123 0.008888 0.976854
 0.023037 0.001824 0.972574 0.002565
 0.031863 0.007122 0.955645 0.005369
 0.015968 0.689540 0.017140 0.277352
 0.293772 0.017724 0.657912 0.030592
 0.026567 0.680813 0.017726 0.274895
 0.266437 0.031866 0.668073 0.033624
 0.955171 0.012421 0.023023 0.009385

MOTIF 8-ATCGCTTGAACCCRG STREME-8
letter-probability matrix: alength= 4 w= 15 nsites= 626 E= 6.8e-021
 0.987305 0.003632 0.007205 0.001858
 0.007218 0.012569 0.000059 0.980154
 0.012579 0.664071 0.085942 0.237408
 0.287219 0.008995 0.689421 0.014365
 0.009004 0.957965 0.001845 0.031186
 0.019736 0.017926 0.048400 0.913937
 0.005431 0.007205 0.010781 0.976583
 0.012578 0.010779 0.971212 0.005431
 0.989092 0.001845 0.005419 0.003644
 0.843516 0.003632 0.147421 0.005431
 0.016152 0.931895 0.007205 0.044747
 0.005431 0.960483 0.007205 0.026881
 0.023308 0.664378 0.017932 0.294382
 0.366800 0.007205 0.599112 0.026883
 0.046527 0.005418 0.947983 0.000071

MOTIF 9-CGTGAGCCACCGCRC STREME-9
letter-probability matrix: alength= 4 w= 15 nsites= 657 E= 6.8e-021
 0.011106 0.824069 0.010093 0.154732
 0.238503 0.016111 0.737284 0.008103
 0.012113 0.028145 0.008088 0.951655
 0.032171 0.008088 0.949634 0.010107
 0.967695 0.014104 0.010093 0.008108
 0.014120 0.004077 0.981723 0.000080
 0.004091 0.955651 0.010093 0.030166
 0.012113 0.965681 0.014104 0.008103
 0.963690 0.012098 0.014104 0.010107
 0.018129 0.943618 0.016110 0.022143
 0.046218 0.702205 0.012099 0.239477
 0.229160 0.014105 0.744622 0.012113
 0.018139 0.786392 0.008088 0.187381
 0.434182 0.012098 0.531575 0.022144
 0.004091 0.955654 0.016109 0.024146

MOTIF 10-AAAATTAGCYGGGCG STREME-10
letter-probability matrix: alength= 4 w= 15 nsites= 612 E= 1.1e-019
 0.989102 0.003629 0.007198 0.000071
 0.999811 0.000059 0.000059 0.000071
 0.965896 0.014338 0.008984 0.010781
 0.965156 0.008986 0.022217 0.003641
 0.005428 0.016122 0.007198 0.971252
 0.003641 0.017912 0.007198 0.971249
 0.994457 0.003628 0.000059 0.001856
 0.023287 0.001843 0.958732 0.016137
 0.003641 0.981946 0.000059 0.014355
 0.008998 0.571757 0.000059 0.419186
 0.320358 0.007198 0.659872 0.012572
 0.034002 0.001843 0.953374 0.010781
 0.048289 0.007198 0.937302 0.007211
 0.005428 0.691478 0.014341 0.288753
 0.319240 0.010774 0.643129 0.026857

MOTIF 11-GAGACRGAGTCTCRC STREME-11
letter-probability matrix: alength= 4 w= 15 nsites= 609 E= 3.7e-016
 0.009264 0.000060 0.972219 0.018456
 0.990614 0.000060 0.009253 0.000073
 0.011103 0.001899 0.981410 0.005588
 0.977745 0.000060 0.022122 0.000073
 0.000073 0.758285 0.000060 0.241581
 0.531393 0.005575 0.462958 0.000073
 0.042365 0.005576 0.942793 0.009266
 0.705011 0.005575 0.283826 0.005588
 0.033166 0.001899 0.961186 0.003750
 0.000073 0.018451 0.000060 0.981415
 0.009264 0.824941 0.003737 0.162058
 0.005588 0.005575 0.000060 0.988777
 0.005588 0.712295 0.009252 0.272865
 0.409786 0.018447 0.544109 0.027658
 0.003750 0.963021 0.005576 0.027653

MOTIF 12-AAAAAAAAAAAAAAA STREME-12
letter-probability matrix: alength= 4 w= 15 nsites= 732 E= 3.9e-013
 0.979564 0.004278 0.001365 0.014793
 0.987689 0.008307 0.002759 0.001245
 0.980808 0.007422 0.004699 0.007072
 0.966095 0.027101 0.004338 0.002466
 0.947772 0.034673 0.003587 0.013969
 0.907732 0.038466 0.021857 0.031945
 0.987976 0.006342 0.001136 0.004546
 0.954689 0.028690 0.005862 0.010759
 0.986936 0.009400 0.002183 0.001481
 0.953152 0.027058 0.002652 0.017138
 0.931817 0.035257 0.011643 0.021283
 0.925610 0.036566 0.013960 0.023863
 0.940911 0.008954 0.041209 0.008926
 0.984961 0.005792 0.007246 0.002001
 0.994512 0.000047 0.000047 0.005395

MOTIF 13-ACTTTGGGAGGCCRA STREME-13
letter-probability matrix: alength= 4 w= 15 nsites= 386 E= 1.3e-012
 0.983400 0.000107 0.016363 0.000130
 0.009883 0.957356 0.003358 0.029403
 0.009883 0.006609 0.000107 0.983401
 0.003381 0.026127 0.001725 0.968767
 0.003381 0.013113 0.003358 0.980148
 0.019644 0.000107 0.973631 0.006618
 0.026157 0.000107 0.967100 0.006636
 0.032650 0.013115 0.944351 0.009884
 0.973644 0.003358 0.016367 0.006632
 0.068505 0.003358 0.924757 0.003381
 0.048933 0.006610 0.941075 0.003382
 0.006633 0.928068 0.006610 0.058690
 0.042424 0.722446 0.009862 0.225269
 0.396141 0.029391 0.545060 0.029408
 0.960638 0.013111 0.016367 0.009884

MOTIF 14-GGGTTTCACCA STREME-14
letter-probability matrix: alength= 4 w= 11 nsites= 392 E= 8.6e-010
 0.000116 0.011773 0.987994 0.000116
 0.000116 0.000096 0.999671 0.000116
 0.000116 0.000096 0.999671 0.000116
 0.002046 0.000096 0.000651 0.997206
 0.003368 0.000096 0.000096 0.996440
 0.001568 0.000096 0.003013 0.995322
 0.004994 0.947874 0.000096 0.047036
 0.943577 0.000096 0.056211 0.000116
 0.007737 0.947246 0.000096 0.044922
 0.000116 0.953177 0.000877 0.045830
 0.882493 0.000096 0.117295 0.000116

MOTIF 15-GCCTCAGTTTCCTCA STREME-15
letter-probability matrix: alength= 4 w= 15 nsites= 314 E= 7.1e-007
 0.083491 0.000119 0.880008 0.036382
 0.025510 0.724165 0.047226 0.203098
 0.018263 0.890880 0.010991 0.079866
 0.000145 0.025484 0.000119 0.974253
 0.000145 0.905379 0.000119 0.094357
 0.818416 0.032731 0.116098 0.032756
 0.119738 0.000119 0.858258 0.021886
 0.007392 0.277026 0.014614 0.700968
 0.007392 0.313287 0.000119 0.679202
 0.000145 0.021860 0.014613 0.963382
 0.025510 0.854634 0.000119 0.119737
 0.000145 0.916244 0.003743 0.079869
 0.014639 0.282835 0.018237 0.684290
 0.074119 0.606702 0.250186 0.068993
 0.867975 0.095526 0.029107 0.007392

MOTIF 16-CCCGCCACCA STREME-16
letter-probability matrix: alength= 4 w= 10 nsites= 502 E= 1.5e-006
 0.000148 0.999581 0.000122 0.000148
 0.239407 0.559982 0.185658 0.014953
 0.000148 0.754810 0.000122 0.244919
 0.249501 0.000122 0.750228 0.000148
 0.000148 0.999581 0.000122 0.000148
 0.000148 0.983180 0.007564 0.009108
 0.857590 0.072909 0.069352 0.000148
 0.000148 0.999581 0.000122 0.000148
 0.000148 0.984696 0.015007 0.000148
 0.899937 0.013846 0.086069 0.000148

MOTIF 17-AATAAATAAATAAAW STREME-17
letter-probability matrix: alength= 4 w= 15 nsites= 459 E= 1.7e-006
 0.917268 0.011218 0.006760 0.064754
 0.972094 0.004531 0.013451 0.009924
 0.023783 0.026822 0.035738 0.913657
 0.850433 0.020133 0.113743 0.015691
 0.778110 0.015675 0.013446 0.192768
 0.888699 0.017904 0.050960 0.042437
 0.080130 0.033508 0.008988 0.877374
 0.851729 0.024592 0.055804 0.067875
 0.823999 0.033508 0.017904 0.124590
 0.822761 0.002302 0.071400 0.103537
 0.027773 0.043342 0.081224 0.847661
 0.838734 0.013446 0.098152 0.049667
 0.796874 0.033506 0.044651 0.124970
 0.790625 0.026821 0.052259 0.130295
 0.446616 0.078087 0.015679 0.459619

MOTIF 18-AAAAAGAAAARAAA STREME-18
letter-probability matrix: alength= 4 w= 14 nsites= 868 E= 8.3e-006
 0.941746 0.000048 0.055807 0.002398
 0.773520 0.000048 0.206713 0.019719
 0.684967 0.085365 0.189478 0.040190
 0.919943 0.021203 0.002980 0.055874
 0.812768 0.020570 0.076956 0.089707
 0.000058 0.044851 0.880350 0.074740
 0.860231 0.035221 0.085091 0.019457
 0.997650 0.001514 0.000778 0.000058
 0.979426 0.000048 0.009601 0.010924
 0.627967 0.032047 0.267298 0.072688
 0.208742 0.207237 0.415877 0.168144
 0.748767 0.079379 0.133475 0.038379
 0.978374 0.000048 0.018595 0.002984
 0.850271 0.065374 0.053375 0.030980

MOTIF 19-ACACACACACACACA STREME-19
letter-probability matrix: alength= 4 w= 15 nsites= 297 E= 5.8e-005
 0.908301 0.022959 0.068588 0.000152
 0.061621 0.862013 0.000125 0.076240
 0.961570 0.000125 0.022941 0.015364
 0.228142 0.717317 0.003927 0.050613
 0.972981 0.000125 0.026743 0.000152
 0.000152 0.952376 0.032111 0.015362
 0.953972 0.000125 0.030541 0.015362
 0.234178 0.659388 0.000125 0.106309
 0.935275 0.000125 0.064448 0.000152
 0.007756 0.953924 0.019146 0.019173
 0.988192 0.003927 0.007729 0.000152
 0.176827 0.697343 0.007734 0.118096
 0.946703 0.003927 0.022943 0.026427
 0.019165 0.950136 0.000125 0.030574
 0.970503 0.003944 0.025401 0.000152

MOTIF 20-GTGATCCRCCCACC STREME-20
letter-probability matrix: alength= 4 w= 14 nsites= 227 E= 9.7e-005
 0.037428 0.014116 0.948270 0.000186
 0.000186 0.018772 0.000153 0.980890
 0.023460 0.004807 0.971548 0.000186
 0.999508 0.000153 0.000153 0.000186
 0.000186 0.009460 0.000153 0.990201
 0.009493 0.976207 0.000153 0.014147
 0.009493 0.741210 0.000153 0.249144
 0.419917 0.004808 0.433499 0.141777
 0.018801 0.901720 0.014114 0.065365
 0.004839 0.925000 0.009460 0.060701
 0.018804 0.827215 0.009460 0.144520
 0.659655 0.000153 0.274824 0.065368
 0.014147 0.911039 0.000153 0.074661
 0.023460 0.904457 0.023427 0.048655

MOTIF 21-CTTCCTCTTCY STREME-21
letter-probability matrix: alength= 4 w= 11 nsites= 827 E= 1.4e-004
 0.000101 0.945444 0.031533 0.022922
 0.022154 0.000083 0.072057 0.905705
 0.000101 0.000083 0.000083 0.999733
 0.007380 0.941189 0.000083 0.051347
 0.009245 0.925178 0.057468 0.008109
 0.035172 0.148229 0.036535 0.780064
 0.024254 0.962649 0.012997 0.000101
 0.139573 0.087701 0.095137 0.677590
 0.044658 0.050949 0.018236 0.886157
 0.000101 0.649037 0.046637 0.304224
 0.066854 0.579801 0.058211 0.295133

MOTIF 22-CCCACCCCCAVCCYC STREME-22
letter-probability matrix: alength= 4 w= 15 nsites= 512 E= 1.8e-004
 0.073712 0.869560 0.016673 0.040055
 0.029751 0.949964 0.009544 0.010741
 0.016681 0.897893 0.027367 0.058059
 0.688601 0.020238 0.076570 0.214591
 0.075390 0.753534 0.096771 0.074305
 0.024998 0.930954 0.015485 0.028563
 0.040445 0.844911 0.020237 0.094406
 0.099854 0.778849 0.035684 0.085614
 0.057569 0.862946 0.028555 0.050930
 0.526526 0.258538 0.087754 0.127182
 0.357111 0.308851 0.194693 0.139346
 0.033315 0.835292 0.068844 0.062549
 0.106986 0.730157 0.052317 0.110540
 0.151432 0.443139 0.039248 0.366181
 0.065498 0.722409 0.098453 0.113639

MOTIF 23-CCCCACCCCYTCC STREME-23
letter-probability matrix: alength= 4 w= 13 nsites= 421 E= 2.3e-004
 0.035002 0.898676 0.000092 0.066230
 0.023134 0.805647 0.023738 0.147481
 0.030943 0.849701 0.028196 0.091160
 0.026158 0.921887 0.049033 0.002922
 0.746177 0.000092 0.166901 0.086831
 0.014153 0.793419 0.060119 0.132309
 0.009943 0.932482 0.022575 0.035000
 0.048172 0.790322 0.053000 0.108505
 0.011355 0.889896 0.000092 0.098657
 0.181033 0.274119 0.054231 0.490617
 0.117675 0.107345 0.248777 0.526203
 0.000112 0.936167 0.042775 0.020946
 0.061454 0.915858 0.011334 0.011355

MOTIF 24-CRTGYRCCACCA STREME-24
letter-probability matrix: alength= 4 w= 12 nsites= 281 E= 4.2e-004
 0.000166 0.822818 0.000137 0.176879
 0.641904 0.000137 0.357793 0.000166
 0.004333 0.000137 0.000137 0.995394
 0.000166 0.020974 0.978694 0.000166
 0.022062 0.572551 0.000137 0.405250
 0.444263 0.000137 0.555434 0.000166
 0.000166 0.962825 0.000137 0.036872
 0.000166 0.960298 0.000137 0.039398
 0.995394 0.000137 0.004303 0.000166
 0.000166 0.942548 0.000137 0.057149
 0.008499 0.928669 0.020970 0.041862
 0.995394 0.004303 0.000137 0.000166

MOTIF 25-CCAGCCTGGGTGACA STREME-25
letter-probability matrix: alength= 4 w= 15 nsites= 150 E= 6.1e-004
 0.000299 0.928693 0.007731 0.063277
 0.000299 0.819492 0.007731 0.172478
 0.894404 0.007731 0.030189 0.067676
 0.045212 0.037671 0.916819 0.000299
 0.022757 0.901827 0.030204 0.045212
 0.015270 0.939275 0.015216 0.030239
 0.015272 0.000246 0.022701 0.961781
 0.037725 0.022701 0.909317 0.030257
 0.075152 0.000246 0.909334 0.015269
 0.082647 0.000246 0.879383 0.037724
 0.070762 0.165051 0.045159 0.719028
 0.000299 0.112625 0.834351 0.052726
 0.976754 0.015216 0.000246 0.007784
 0.037730 0.759554 0.082627 0.120089
 0.819524 0.037680 0.075124 0.067673

MOTIF 26-AGGAAGTAGAA STREME-26
letter-probability matrix: alength= 4 w= 11 nsites= 854 E= 4.0e-003
 0.768447 0.058693 0.094578 0.078282
 0.091871 0.037028 0.848376 0.022726
 0.092521 0.012095 0.850173 0.045211
 0.926590 0.016877 0.000137 0.056396
 0.989377 0.010227 0.000137 0.000259
 0.001133 0.088732 0.909968 0.000167
 0.043437 0.161606 0.022707 0.772250
 0.958010 0.012682 0.000137 0.029171
 0.000167 0.013368 0.980953 0.005513
 0.579592 0.095761 0.239038 0.085608
 0.704095 0.043871 0.123542 0.128492

MOTIF 27-ACTTGGGAGGCTGR STREME-27
letter-probability matrix: alength= 4 w= 14 nsites= 127 E= 1.4e-002
 0.918256 0.000242 0.066479 0.015023
 0.015020 0.947629 0.037058 0.000294
 0.000294 0.103332 0.007605 0.888769
 0.059202 0.154921 0.014968 0.770909
 0.066595 0.022331 0.875248 0.035826
 0.014988 0.000242 0.984476 0.000294
 0.088663 0.059150 0.829803 0.022383
 0.834225 0.022331 0.098971 0.044473
 0.113751 0.000242 0.856261 0.029746
 0.059202 0.088618 0.829797 0.022383
 0.054881 0.863586 0.022331 0.059202
 0.037112 0.014968 0.022331 0.925588
 0.037112 0.000242 0.925527 0.037118
 0.595551 0.059147 0.308192 0.037109

MOTIF 28-GTGCCTGGCACATA STREME-28
letter-probability matrix: alength= 4 w= 14 nsites= 131 E= 1.4e-002
 0.088360 0.067907 0.797644 0.046090
 0.034112 0.025638 0.034092 0.906158
 0.059508 0.037578 0.851857 0.051057
 0.025695 0.889162 0.025636 0.059506
 0.034148 0.906068 0.017183 0.042601
 0.029184 0.017183 0.017183 0.936449
 0.042601 0.008731 0.922973 0.025695
 0.051054 0.034089 0.889162 0.025695
 0.051054 0.897615 0.008731 0.042601
 0.902631 0.079848 0.000278 0.017243
 0.042604 0.902572 0.012219 0.042604
 0.865335 0.025636 0.059450 0.049578
 0.025695 0.125614 0.107397 0.741293
 0.797706 0.049519 0.093265 0.059510

MOTIF 29-GGGTGGGGAG STREME-29
letter-probability matrix: alength= 4 w= 10 nsites= 314 E= 1.5e-002
 0.000639 0.019126 0.979595 0.000639
 0.000639 0.016438 0.982284 0.000639
 0.035426 0.000527 0.866292 0.097755
 0.000639 0.069310 0.000527 0.929524
 0.095184 0.026182 0.759939 0.118695
 0.000639 0.006367 0.992354 0.000639
 0.000639 0.019183 0.954470 0.025708
 0.068612 0.000527 0.916452 0.014409
 0.900334 0.016357 0.000527 0.082782
 0.088791 0.086287 0.796116 0.028806

MOTIF 30-AAATAATAAWAATA STREME-30
letter-probability matrix: alength= 4 w= 14 nsites= 414 E= 1.7e-002
 0.851133 0.003600 0.037440 0.107827
 0.787451 0.043446 0.078320 0.090783
 0.829749 0.045937 0.066891 0.057423
 0.015045 0.021033 0.005063 0.958859
 0.870664 0.027477 0.047401 0.054458
 0.896598 0.029966 0.027477 0.045958
 0.042886 0.042418 0.065863 0.848833
 0.834774 0.020005 0.039494 0.105726
 0.748473 0.062936 0.116702 0.071888
 0.590187 0.077285 0.027479 0.305050
 0.751121 0.068355 0.059853 0.120672
 0.788912 0.023523 0.096780 0.090785
 0.041936 0.058393 0.013008 0.886664
 0.836439 0.022495 0.046167 0.094899

MOTIF 31-CCAGGCTGGTCTCG STREME-31
letter-probability matrix: alength= 4 w= 14 nsites= 200 E= 2.7e-002
 0.010512 0.785925 0.020784 0.182779
 0.000206 0.953027 0.010476 0.036291
 0.891230 0.015629 0.046551 0.046589
 0.062057 0.015629 0.803567 0.118747
 0.051743 0.046556 0.886035 0.015667
 0.216694 0.703521 0.056839 0.022946
 0.015666 0.000169 0.031089 0.953076
 0.051741 0.020783 0.911811 0.015666
 0.103283 0.000169 0.816901 0.079647
 0.000206 0.020783 0.000169 0.978842
 0.000206 0.999420 0.000169 0.000206
 0.000206 0.000169 0.000169 0.999456
 0.000206 0.657049 0.056860 0.285885
 0.301347 0.025937 0.672511 0.000206

MOTIF 32-TTAAAAATAAA STREME-32
letter-probability matrix: alength= 4 w= 11 nsites= 450 E= 6.0e-002
 0.000246 0.000203 0.000203 0.999348
 0.056177 0.000203 0.000203 0.943417
 0.920410 0.026984 0.022017 0.030589
 0.990190 0.000203 0.000203 0.009404
 0.951250 0.010294 0.000203 0.038253
 0.944282 0.000203 0.000203 0.055313
 0.977996 0.021555 0.000203 0.000246
 0.223480 0.000203 0.000203 0.776114
 0.964747 0.008461 0.000203 0.026590
 0.809699 0.061924 0.033165 0.095212
 0.863754 0.092561 0.000203 0.043482

MOTIF 33-AAACAAACAAAMMAA STREME-33
letter-probability matrix: alength= 4 w= 15 nsites= 252 E= 9.4e-002
 0.964892 0.015549 0.019405 0.000154
 0.945613 0.000127 0.000127 0.054133
 0.876879 0.082690 0.011694 0.028736
 0.000154 0.999566 0.000127 0.000154
 0.944022 0.032564 0.023261 0.000154
 0.986434 0.000127 0.000127 0.013313
 0.984169 0.007838 0.007839 0.000154
 0.200422 0.645066 0.061819 0.092693
 0.689103 0.227728 0.003982 0.079187
 0.829934 0.123516 0.007839 0.038711
 0.689520 0.225373 0.084953 0.000154
 0.579910 0.319558 0.034828 0.065703
 0.599207 0.300937 0.055698 0.044158
 0.596947 0.263959 0.069531 0.069562
 0.743501 0.155958 0.077254 0.023288

MOTIF 34-TATTTGTTGAATTA STREME-34
letter-probability matrix: alength= 4 w= 14 nsites= 306 E= 1.4e-001
 0.039345 0.021062 0.006643 0.932951
 0.836283 0.052390 0.091591 0.019736
 0.019736 0.022981 0.039319 0.917964
 0.085090 0.026249 0.037400 0.851261
 0.019736 0.000107 0.032785 0.947371
 0.078541 0.040668 0.870858 0.009934
 0.076636 0.085067 0.058926 0.779371
 0.138726 0.009910 0.037400 0.813963
 0.094894 0.094300 0.706108 0.104697
 0.758413 0.107942 0.022981 0.110664
 0.748040 0.055659 0.075267 0.121035
 0.099509 0.036051 0.070079 0.794360
 0.131618 0.052390 0.182497 0.633495
 0.755148 0.053742 0.065460 0.125649

MOTIF 35-CAAAGTGCTG STREME-35
letter-probability matrix: alength= 4 w= 10 nsites= 60 E= 1.5e-001
 0.024918 0.929627 0.020536 0.024918
 0.934009 0.020536 0.020536 0.024918
 0.934009 0.020536 0.020536 0.024918
 0.934009 0.020536 0.020536 0.024918
 0.024918 0.020536 0.929627 0.024918
 0.024918 0.020536 0.020536 0.934009
 0.024918 0.020536 0.929627 0.024918
 0.024918 0.929627 0.020536 0.024918
 0.024918 0.020536 0.020536 0.934009
 0.024918 0.020536 0.929627 0.024918

MOTIF 36-CTCTCTCTCTCTCTC STREME-36
letter-probability matrix: alength= 4 w= 15 nsites= 143 E= 1.8e-001
 0.084561 0.792296 0.000251 0.122891
 0.000305 0.000251 0.007902 0.991541
 0.007957 0.914900 0.000251 0.076891
 0.046217 0.023205 0.015554 0.915024
 0.000305 0.898691 0.079970 0.021034
 0.000305 0.092095 0.000251 0.907348
 0.000305 0.921907 0.015557 0.062231
 0.000305 0.030854 0.007902 0.960939
 0.000305 0.807744 0.130397 0.061554
 0.000305 0.000251 0.000251 0.999192
 0.038560 0.869002 0.046187 0.046251
 0.000305 0.153338 0.015553 0.830804
 0.000305 0.976175 0.023214 0.000305
 0.000305 0.000251 0.000251 0.999192
 0.000305 0.999138 0.000251 0.000305

MOTIF 37-CCATTTTACAGATGA STREME-37
letter-probability matrix: alength= 4 w= 15 nsites= 141 E= 2.0e-001
 0.013860 0.731441 0.064176 0.190523
 0.027451 0.901307 0.020606 0.050635
 0.931339 0.007018 0.034195 0.027448
 0.049128 0.061376 0.034195 0.855301
 0.047831 0.061375 0.040989 0.849805
 0.007065 0.034195 0.047783 0.910956
 0.054625 0.068172 0.020606 0.856596
 0.928529 0.007018 0.040995 0.023458
 0.034243 0.754626 0.027401 0.183731
 0.894563 0.027401 0.013812 0.064224
 0.095394 0.020606 0.863346 0.020654
 0.876985 0.027401 0.074961 0.020654
 0.020654 0.047783 0.054578 0.876985
 0.088600 0.040989 0.836169 0.034243
 0.841708 0.034195 0.062674 0.061423

MOTIF 38-AGTAGCTGGGACTAC STREME-38
letter-probability matrix: alength= 4 w= 15 nsites= 210 E= 3.2e-001
 0.985570 0.000153 0.014092 0.000185
 0.028066 0.009446 0.957656 0.004832
 0.004832 0.018739 0.000153 0.976277
 0.971630 0.009446 0.000153 0.018771
 0.060595 0.055915 0.846127 0.037363
 0.037361 0.864714 0.041973 0.055951
 0.018777 0.065227 0.004799 0.911197
 0.158196 0.000153 0.822880 0.018771
 0.121007 0.018741 0.804299 0.055953
 0.130321 0.023385 0.785690 0.060604
 0.943749 0.004799 0.037327 0.014125
 0.000185 0.729951 0.009446 0.260418
 0.000185 0.255896 0.014092 0.729826
 0.920509 0.014092 0.046619 0.018780
 0.028068 0.739238 0.051270 0.181423

MOTIF 39-AATAATAATAA STREME-39
letter-probability matrix: alength= 4 w= 11 nsites= 881 E= 4.8e-001
 0.934009 0.020536 0.020536 0.024918
 0.934009 0.020536 0.020536 0.024918
 0.024918 0.020536 0.020536 0.934009
 0.934009 0.020536 0.020536 0.024918
 0.934009 0.020536 0.020536 0.024918
 0.024918 0.020536 0.020536 0.934009
 0.934009 0.020536 0.020536 0.024918
 0.934009 0.020536 0.020536 0.024918
 0.024918 0.020536 0.020536 0.934009
 0.934009 0.020536 0.020536 0.024918
 0.934009 0.020536 0.020536 0.024918

MOTIF 40-AGGAAGTGA STREME-40
letter-probability matrix: alength= 4 w= 9 nsites= 974 E= 4.9e-001
 0.766184 0.011623 0.197210 0.024983
 0.006713 0.009314 0.921499 0.062474
 0.000273 0.009529 0.933849 0.056349
 0.998579 0.000225 0.000225 0.000970
 0.921677 0.057614 0.014403 0.006306
 0.036968 0.099130 0.853653 0.010248
 0.000273 0.041554 0.000225 0.957947
 0.035646 0.108066 0.713314 0.142974
 0.926421 0.006306 0.036480 0.030794

MOTIF 41-AAATATTTTAA STREME-41
letter-probability matrix: alength= 4 w= 11 nsites= 238 E= 5.7e-001
 0.891945 0.009626 0.045809 0.052620
 0.910616 0.070743 0.002720 0.015921
 0.841595 0.001472 0.033856 0.123078
 0.000425 0.042163 0.000350 0.957063
 0.998875 0.000350 0.000350 0.000425
 0.025083 0.000641 0.010822 0.963453
 0.090219 0.016111 0.021253 0.872418
 0.014476 0.002053 0.003494 0.979977
 0.095357 0.039558 0.039478 0.825606
 0.985473 0.000350 0.013752 0.000425
 0.831493 0.051946 0.079260 0.037301

MOTIF 42-AACAACAACAACAA STREME-42
letter-probability matrix: alength= 4 w= 14 nsites= 113 E= 7.8e-001
 0.949608 0.000324 0.020066 0.030002
 0.831156 0.010193 0.128647 0.030004
 0.020157 0.880412 0.029931 0.069499
 0.929854 0.000324 0.059559 0.010262
 0.979218 0.000324 0.020064 0.000394
 0.000394 0.989020 0.010193 0.000394
 0.979216 0.020066 0.000324 0.000394
 0.989089 0.000324 0.010193 0.000394
 0.000394 0.880435 0.020062 0.099110
 0.969347 0.010193 0.020066 0.000394
 0.949610 0.010193 0.020062 0.020135
 0.188255 0.662928 0.029935 0.118882
 0.910132 0.020064 0.069410 0.000394
 0.939743 0.010193 0.000324 0.049740

MOTIF 43-GGGTTTTGCCA STREME-43
letter-probability matrix: alength= 4 w= 11 nsites= 57 E= 7.8e-001
 0.024918 0.020536 0.929627 0.024918
 0.024918 0.020536 0.929627 0.024918
 0.024918 0.020536 0.929627 0.024918
 0.024918 0.020536 0.020536 0.934009
 0.024918 0.020536 0.020536 0.934009
 0.024918 0.020536 0.020536 0.934009
 0.024918 0.020536 0.020536 0.934009
 0.024918 0.020536 0.929627 0.024918
 0.024918 0.929627 0.020536 0.024918
 0.024918 0.929627 0.020536 0.024918
 0.934009 0.020536 0.020536 0.024918

MOTIF 44-CCTCKGCCTC STREME-44
letter-probability matrix: alength= 4 w= 10 nsites= 108 E= 7.8e-001
 0.000818 0.997691 0.000674 0.000818
 0.000818 0.944371 0.053994 0.000818
 0.000818 0.000674 0.007253 0.991256
 0.000818 0.997691 0.000674 0.000818
 0.000818 0.050906 0.463129 0.485147
 0.185636 0.000674 0.812873 0.000818
 0.000818 0.997691 0.000674 0.000818
 0.082875 0.820452 0.095855 0.000818
 0.000818 0.000674 0.006164 0.992344
 0.000818 0.997691 0.000674 0.000818

MOTIF 45-CTTCCTTCCYTCC STREME-45
letter-probability matrix: alength= 4 w= 13 nsites= 346 E= 8.6e-001
 0.000132 0.996322 0.003414 0.000132
 0.033805 0.099011 0.057671 0.809513
 0.033189 0.024351 0.000109 0.942351
 0.000132 0.999628 0.000109 0.000132
 0.010050 0.959954 0.013331 0.016664
 0.010049 0.253457 0.013331 0.723162
 0.032323 0.013993 0.018015 0.935669
 0.108651 0.706060 0.144341 0.040948
 0.010050 0.782948 0.000109 0.206893
 0.068979 0.514391 0.013331 0.403299
 0.147155 0.118944 0.000109 0.733792
 0.000132 0.633269 0.084127 0.282472
 0.102705 0.788670 0.006720 0.101905

MOTIF 46-AAAGCAAG STREME-46
letter-probability matrix: alength= 4 w= 8 nsites= 292 E= 8.7e-001
 0.934009 0.020536 0.020536 0.024918
 0.934009 0.020536 0.020536 0.024918
 0.934009 0.020536 0.020536 0.024918
 0.024918 0.020536 0.929627 0.024918
 0.024918 0.929627 0.020536 0.024918
 0.934009 0.020536 0.020536 0.024918
 0.934009 0.020536 0.020536 0.024918
 0.024918 0.020536 0.929627 0.024918

MOTIF 47-AAATGAAATAA STREME-47
letter-probability matrix: alength= 4 w= 11 nsites= 231 E= 9.8e-001
 0.945820 0.000343 0.026672 0.027165
 0.932391 0.000343 0.059524 0.007743
 0.789436 0.053068 0.157080 0.000416
 0.032566 0.004648 0.060229 0.902557
 0.051355 0.000343 0.918350 0.029952
 0.960043 0.017786 0.000343 0.021827
 0.963413 0.013992 0.022179 0.000416
 0.985563 0.000343 0.000343 0.013751
 0.000416 0.174551 0.054980 0.770053
 0.901225 0.014111 0.032615 0.052049
 0.899439 0.000343 0.052126 0.048092

MOTIF 48-GCTAATTTTTGTA STREME-48
letter-probability matrix: alength= 4 w= 13 nsites= 106 E= 1.3e+000
 0.104269 0.039319 0.841867 0.014545
 0.014545 0.838695 0.034147 0.112613
 0.028537 0.056465 0.000460 0.914538
 0.914567 0.014447 0.056442 0.014545
 0.961142 0.000460 0.014450 0.023949
 0.028537 0.014447 0.014447 0.942569
 0.014545 0.014447 0.014447 0.956562
 0.014545 0.028439 0.000460 0.956556
 0.000558 0.028439 0.014447 0.956556
 0.000558 0.000460 0.014447 0.984536
 0.000558 0.000460 0.970445 0.028537
 0.000558 0.000460 0.000460 0.998523
 0.984536 0.000460 0.014447 0.000558

MOTIF 49-AGCAAGACCC STREME-49
letter-probability matrix: alength= 4 w= 10 nsites= 147 E= 1.4e+000
 0.947811 0.036915 0.006043 0.009231
 0.025185 0.028961 0.920378 0.025476
 0.000485 0.949933 0.000400 0.049182
 0.967396 0.000400 0.031112 0.001093
 0.916851 0.002717 0.000400 0.080032
 0.000485 0.000400 0.986616 0.012499
 0.896060 0.000400 0.000400 0.103140
 0.025998 0.940596 0.000400 0.033005
 0.035633 0.789619 0.006917 0.167831
 0.014306 0.898577 0.005422 0.081695

MOTIF 50-GACTGGGTAATTTA STREME-50
letter-probability matrix: alength= 4 w= 14 nsites= 67 E= 1.5e+000
 0.048092 0.032161 0.824193 0.095554
 0.919227 0.000520 0.000520 0.079733
 0.048092 0.871655 0.000520 0.079733
 0.016451 0.000520 0.000520 0.982508
 0.143015 0.000520 0.776732 0.079733
 0.095560 0.032161 0.871648 0.000631
 0.063913 0.000520 0.934936 0.000631
 0.000631 0.079629 0.000520 0.919220
 0.935047 0.000520 0.063802 0.000631
 0.919220 0.000520 0.079629 0.000631
 0.000631 0.032161 0.063802 0.903406
 0.000631 0.000520 0.063802 0.935047
 0.016451 0.032161 0.000520 0.950868
 0.998329 0.000520 0.000520 0.000631

MOTIF 51-GATCACAAGGTCAG STREME-51
letter-probability matrix: alength= 4 w= 14 nsites= 57 E= 1.5e+000
 0.025875 0.000818 0.972314 0.000992
 0.972489 0.000818 0.025701 0.000992
 0.000992 0.000818 0.000818 0.997372
 0.000992 0.972314 0.025701 0.000992
 0.997372 0.000818 0.000818 0.000992
 0.000992 0.947432 0.000818 0.050758
 0.698592 0.000818 0.200006 0.100584
 0.972489 0.000818 0.000818 0.025875
 0.025875 0.025701 0.947432 0.000992
 0.025875 0.000818 0.972314 0.000992
 0.000992 0.000818 0.000818 0.997372
 0.050758 0.897667 0.025701 0.025875
 0.997372 0.000818 0.000818 0.000992
 0.200267 0.000818 0.797922 0.000992

MOTIF 52-AATTAAACCTCTTT STREME-52
letter-probability matrix: alength= 4 w= 14 nsites= 43 E= 1.5e+000
 0.876304 0.121505 0.000990 0.001201
 0.936586 0.000990 0.061223 0.001201
 0.061434 0.000990 0.000990 0.936586
 0.001201 0.043528 0.000990 0.954281
 0.936599 0.031100 0.000990 0.031311
 0.966709 0.000990 0.031100 0.001201
 0.996819 0.000990 0.000990 0.001201
 0.031311 0.936388 0.000990 0.031311
 0.001201 0.996608 0.000990 0.001201
 0.001201 0.000990 0.000990 0.996819
 0.031311 0.906265 0.000990 0.061434
 0.001201 0.000990 0.031100 0.966709
 0.001201 0.000990 0.000990 0.996819
 0.001201 0.000990 0.000990 0.996819

MOTIF 53-CAGCCTGGYGACA STREME-53
letter-probability matrix: alength= 4 w= 13 nsites= 62 E= 1.5e+000
 0.000769 0.978557 0.000634 0.020041
 0.978688 0.019909 0.000634 0.000769
 0.000769 0.000634 0.997829 0.000769
 0.020041 0.978557 0.000634 0.000769
 0.000769 0.920729 0.039181 0.039321
 0.000769 0.000634 0.000634 0.997964
 0.058585 0.000634 0.920741 0.020041
 0.000769 0.019906 0.978557 0.000769
 0.058593 0.399414 0.058465 0.483528
 0.206474 0.000634 0.792123 0.000769
 0.997964 0.000634 0.000634 0.000769
 0.000769 0.997829 0.000634 0.000769
 0.959420 0.019906 0.000634 0.020041

MOTIF 54-TATTTTAAAA STREME-54
letter-probability matrix: alength= 4 w= 10 nsites= 447 E= 2.0e+000
 0.041519 0.020457 0.094498 0.843526
 0.974023 0.000277 0.000277 0.025422
 0.025088 0.003765 0.040586 0.930561
 0.014602 0.002221 0.001104 0.982072
 0.000337 0.004430 0.025903 0.969331
 0.025622 0.004616 0.000277 0.969484
 0.841423 0.051203 0.092166 0.015208
 0.675541 0.150811 0.066895 0.106753
 0.918636 0.048049 0.006122 0.027193
 0.704236 0.021182 0.017151 0.257431

MOTIF 55-GCAGCAGCAGCC STREME-55
letter-probability matrix: alength= 4 w= 12 nsites= 218 E= 2.2e+000
 0.077849 0.026262 0.895564 0.000325
 0.057489 0.907721 0.024752 0.010038
 0.748889 0.119949 0.130837 0.000325
 0.016645 0.004638 0.966170 0.012546
 0.014233 0.968855 0.000268 0.016644
 0.647499 0.090025 0.191343 0.071134
 0.018197 0.013913 0.959403 0.008486
 0.000325 0.876707 0.073685 0.049283
 0.849942 0.054147 0.093400 0.002510
 0.058993 0.024747 0.834307 0.081953
 0.003693 0.987554 0.000268 0.008485
 0.187377 0.595201 0.183855 0.033567

MOTIF 56-GCCCAAGGTCAC STREME-56
letter-probability matrix: alength= 4 w= 12 nsites= 92 E= 2.3e+000
 0.022988 0.022909 0.931115 0.022988
 0.011716 0.931092 0.011637 0.045554
 0.011716 0.908525 0.000370 0.079388
 0.006484 0.970162 0.000370 0.022984
 0.962849 0.002516 0.000370 0.034264
 0.840951 0.022909 0.056752 0.079388
 0.079448 0.034172 0.874664 0.011716
 0.011716 0.007134 0.958161 0.022988
 0.002595 0.011589 0.022909 0.962907
 0.000449 0.976197 0.011637 0.011716
 0.942465 0.000370 0.045448 0.011716
 0.045545 0.863466 0.034185 0.056803

MOTIF 57-ATGATTCAATTA STREME-57
letter-probability matrix: alength= 4 w= 12 nsites= 59 E= 2.9e+000
 0.941562 0.000618 0.057070 0.000750
 0.000750 0.019428 0.019428 0.960394
 0.032206 0.000618 0.947616 0.019560
 0.903958 0.038237 0.019428 0.038377
 0.004332 0.000618 0.000618 0.994431
 0.083759 0.075891 0.057070 0.783280
 0.113638 0.726697 0.019428 0.140237
 0.922752 0.075879 0.000618 0.000750
 0.928332 0.019428 0.032681 0.019560
 0.019560 0.038237 0.000618 0.941585
 0.019560 0.000618 0.075872 0.903950
 0.979204 0.019428 0.000618 0.000750

MOTIF 58-ATTTTTTAAA STREME-58
letter-probability matrix: alength= 4 w= 10 nsites= 578 E= 2.9e+000
 0.998302 0.000528 0.000528 0.000641
 0.000641 0.000528 0.000528 0.998302
 0.112490 0.000528 0.092117 0.794865
 0.224929 0.164241 0.091788 0.519043
 0.086665 0.121006 0.014161 0.778168
 0.054675 0.000528 0.062253 0.882544
 0.000641 0.000528 0.000528 0.998302
 0.998302 0.000528 0.000528 0.000641
 0.998302 0.000528 0.000528 0.000641
 0.998302 0.000528 0.000528 0.000641

MOTIF 59-AAAAAAAAAAAAGT STREME-59
letter-probability matrix: alength= 4 w= 14 nsites= 103 E= 3.1e+000
 0.969472 0.000477 0.000477 0.029575
 0.984036 0.000477 0.000477 0.015011
 0.963556 0.000477 0.035389 0.000578
 0.983973 0.014972 0.000477 0.000578
 0.954976 0.014972 0.029474 0.000578
 0.969472 0.029474 0.000477 0.000578
 0.983973 0.014972 0.000477 0.000578
 0.969472 0.000477 0.029474 0.000578
 0.969472 0.000477 0.029474 0.000578
 0.981825 0.000477 0.017120 0.000578
 0.940465 0.014975 0.043981 0.000578
 0.959882 0.000477 0.014822 0.024820
 0.046656 0.000477 0.858544 0.094323
 0.000578 0.080701 0.240945 0.677776

MOTIF 60-TCATCTTCATT STREME-60
letter-probability matrix: alength= 4 w= 11 nsites= 170 E= 3.2e+000
 0.115067 0.000286 0.000286 0.884361
 0.000347 0.999021 0.000286 0.000347
 0.981692 0.000286 0.017675 0.000347
 0.000347 0.000286 0.000286 0.999082
 0.000347 0.999021 0.000286 0.000347
 0.133315 0.000286 0.071873 0.794526
 0.035147 0.113362 0.000286 0.851205
 0.000347 0.686329 0.312978 0.000347
 0.999082 0.000286 0.000286 0.000347
 0.215620 0.186191 0.000286 0.597903
 0.256818 0.151000 0.000286 0.591896

MOTIF 61-AGCCAAACCATATCA STREME-61
letter-probability matrix: alength= 4 w= 15 nsites= 36 E= 3.2e+000
 0.996252 0.001166 0.001166 0.001415
 0.107875 0.001166 0.854062 0.036897
 0.036897 0.854062 0.001166 0.107875
 0.001415 0.996003 0.001166 0.001415
 0.925289 0.036648 0.001166 0.036897
 0.996252 0.001166 0.001166 0.001415
 0.925289 0.001166 0.072130 0.001415
 0.001415 0.960522 0.036648 0.001415
 0.001415 0.889558 0.001166 0.107860
 0.996252 0.001166 0.001166 0.001415
 0.001415 0.036648 0.001166 0.960770
 0.960770 0.001166 0.036648 0.001415
 0.001415 0.001166 0.001166 0.996252
 0.001415 0.996003 0.001166 0.001415
 0.996252 0.001166 0.001166 0.001415

MOTIF 62-ATCTGATGGTTTTA STREME-62
letter-probability matrix: alength= 4 w= 14 nsites= 34 E= 3.2e+000
 0.934009 0.020536 0.020536 0.024918
 0.024918 0.020536 0.020536 0.934009
 0.024918 0.929627 0.020536 0.024918
 0.024918 0.020536 0.020536 0.934009
 0.024918 0.020536 0.929627 0.024918
 0.934009 0.020536 0.020536 0.024918
 0.024918 0.020536 0.020536 0.934009
 0.024918 0.020536 0.929627 0.024918
 0.024918 0.020536 0.929627 0.024918
 0.024918 0.020536 0.020536 0.934009
 0.024918 0.020536 0.020536 0.934009
 0.024918 0.020536 0.020536 0.934009
 0.024918 0.020536 0.020536 0.934009
 0.934009 0.020536 0.020536 0.024918

MOTIF 63-GGTTTCKCCA STREME-63
letter-probability matrix: alength= 4 w= 10 nsites= 65 E= 3.2e+000
 0.001231 0.031868 0.965670 0.001231
 0.001231 0.001014 0.996524 0.001231
 0.001231 0.001014 0.001014 0.996741
 0.032085 0.001014 0.001014 0.965887
 0.001231 0.001014 0.001014 0.996741
 0.001231 0.996524 0.001014 0.001231
 0.001231 0.001014 0.387942 0.609813
 0.001231 0.996524 0.001014 0.001231
 0.001231 0.860298 0.013749 0.124723
 0.996741 0.001014 0.001014 0.001231

MOTIF 64-CCTCCCRGGTTC STREME-64
letter-probability matrix: alength= 4 w= 12 nsites= 86 E= 1.2e+001
 0.000549 0.998449 0.000453 0.000549
 0.000549 0.940797 0.000453 0.058201
 0.000549 0.000453 0.000453 0.998545
 0.000549 0.978991 0.014226 0.006234
 0.041894 0.957104 0.000453 0.000549
 0.003172 0.857405 0.041777 0.097645
 0.504077 0.006137 0.489237 0.000549
 0.000549 0.000453 0.998449 0.000549
 0.000549 0.049095 0.949806 0.000549
 0.000549 0.180934 0.027939 0.790578
 0.028101 0.043360 0.019807 0.908733
 0.014322 0.929550 0.000453 0.055675

MOTIF 65-GGATCACTTGAGGC STREME-65
letter-probability matrix: alength= 4 w= 14 nsites= 83 E= 2.0e+001
 0.095002 0.000517 0.903853 0.000627
 0.047812 0.000517 0.903860 0.047812
 0.966882 0.000517 0.031973 0.000627
 0.000627 0.000517 0.000517 0.998339
 0.000627 0.888103 0.016245 0.095025
 0.793838 0.079157 0.110649 0.016355
 0.000627 0.960281 0.016245 0.022847
 0.032084 0.173758 0.000517 0.793642
 0.032084 0.000517 0.047708 0.919692
 0.047812 0.000517 0.919581 0.032090
 0.944663 0.000517 0.016245 0.038575
 0.016355 0.000517 0.951044 0.032084
 0.047812 0.110626 0.636457 0.205105
 0.047812 0.699144 0.031973 0.221071

MOTIF 66-AAATATTTGCTA STREME-66
letter-probability matrix: alength= 4 w= 12 nsites= 126 E= 2.8e+001
 0.765798 0.085023 0.066815 0.082364
 0.818900 0.064713 0.022801 0.093586
 0.949630 0.001579 0.028525 0.020266
 0.000282 0.038491 0.014378 0.946849
 0.959157 0.000232 0.040328 0.000282
 0.060400 0.079245 0.066060 0.794296
 0.066655 0.013182 0.029876 0.890287
 0.203741 0.014378 0.040357 0.741523
 0.201951 0.000232 0.794615 0.003201
 0.042721 0.819724 0.010939 0.126615
 0.193147 0.000232 0.000232 0.806388
 0.979916 0.000232 0.015303 0.004548

********************************************************************************
Stopped because 3 consecutive motifs exceeded the p-value threshold (0.05).
********************************************************************************
COMMAND:	streme --verbosity 1 --oc . --dna --totallength 4000000 --time 14400 --minw 8 --maxw 15 --thresh 0.05 --align center --p dyn_H3K4me3.H3K4me2.H3K27ac.bed.fa
********************************************************************************
CPU:		noble-meme.grid.gs.washington.edu
********************************************************************************
FINALTIME:	3972.61 seconds
********************************************************************************

