********************************************************************************
STREME - Sensitive, Thorough, Rapid, Enriched Motif Elicitation
********************************************************************************
MEME version 5.5.2 (Release date: Sun Jan 29 10:33:12 2023 -0800)

For further information on how to interpret these results please access https://meme-suite.org/meme.
To get a copy of the MEME Suite software please access https://meme-suite.org.

********************************************************************************


********************************************************************************
REFERENCE
********************************************************************************
If you use this program in your research, please cite:

Timothy L. Bailey,
"STREME: accurate and versatile sequence motif discovery",
Bioinformatics, Mar. 24, 2021.
********************************************************************************


ALPHABET= ACGT

strands: + -

Background letter frequencies
A 0.277 C 0.223 G 0.223 T 0.277 

MOTIF 1-CCTCRGCCTCCCAA STREME-1
letter-probability matrix: alength= 4 w= 14 nsites= 556 E= 1.3e-018
 0.002046 0.966332 0.000063 0.031559
 0.004014 0.952560 0.007933 0.035494
 0.000079 0.002031 0.005966 0.991925
 0.002046 0.862055 0.000063 0.135836
 0.520296 0.003998 0.469724 0.005981
 0.009916 0.007933 0.974202 0.007949
 0.000079 0.982072 0.000063 0.017786
 0.002046 0.976169 0.000063 0.021721
 0.002046 0.000063 0.000063 0.997827
 0.002046 0.980104 0.000063 0.017786
 0.000079 0.982072 0.005966 0.011884
 0.000079 0.926982 0.002031 0.070909
 0.742052 0.007933 0.246001 0.004014
 0.989730 0.000063 0.006193 0.004014

MOTIF 2-CCTGTAATCCCAGC STREME-2
letter-probability matrix: alength= 4 w= 14 nsites= 587 E= 1.6e-016
 0.005784 0.976953 0.003867 0.013396
 0.007687 0.959828 0.000061 0.032424
 0.004409 0.001964 0.000061 0.993566
 0.068577 0.001964 0.923675 0.005784
 0.000076 0.011478 0.003867 0.984579
 0.984579 0.001964 0.013381 0.000076
 0.822841 0.000061 0.175119 0.001979
 0.001979 0.005770 0.001964 0.990287
 0.003882 0.982662 0.000061 0.013396
 0.000076 0.957925 0.001964 0.040035
 0.000076 0.967439 0.001964 0.030521
 0.992190 0.003867 0.003867 0.000076
 0.034326 0.001964 0.961731 0.001979
 0.009590 0.963403 0.003867 0.023140

MOTIF 3-GAGGTTGCAGTGAGC STREME-3
letter-probability matrix: alength= 4 w= 15 nsites= 491 E= 1.6e-016
 0.056545 0.014189 0.924468 0.004798
 0.990346 0.000076 0.009484 0.000094
 0.021263 0.000076 0.978567 0.000094
 0.042432 0.077696 0.868016 0.011855
 0.000094 0.176486 0.000076 0.823344
 0.000094 0.004780 0.002428 0.992698
 0.021263 0.000076 0.976215 0.002446
 0.002446 0.962102 0.000076 0.035376
 0.936247 0.007132 0.054175 0.002446
 0.016559 0.009484 0.966806 0.007150
 0.000094 0.011837 0.002428 0.985642
 0.035376 0.007132 0.955046 0.002446
 0.987994 0.002428 0.009484 0.000094
 0.033024 0.002428 0.964454 0.000094
 0.004798 0.973863 0.004780 0.016559

MOTIF 4-CCAGGCTGGAGTGCA STREME-4
letter-probability matrix: alength= 4 w= 15 nsites= 498 E= 3.3e-016
 0.009242 0.963142 0.000074 0.027542
 0.006954 0.967718 0.004649 0.020680
 0.992899 0.000074 0.006936 0.000091
 0.020680 0.004649 0.972293 0.002379
 0.016104 0.002361 0.979155 0.002379
 0.009242 0.956280 0.006936 0.027542
 0.004666 0.009224 0.000074 0.986036
 0.050418 0.002361 0.940267 0.006954
 0.011529 0.016087 0.970005 0.002379
 0.981461 0.004649 0.013799 0.000091
 0.043555 0.002361 0.949417 0.004666
 0.002379 0.020662 0.000074 0.976885
 0.043555 0.000074 0.949417 0.006954
 0.009242 0.967718 0.000074 0.022967
 0.976885 0.002361 0.013799 0.006954

MOTIF 5-CCATGTTGGCCAGGC STREME-5
letter-probability matrix: alength= 4 w= 15 nsites= 491 E= 1.3e-015
 0.006977 0.958430 0.002369 0.032224
 0.002387 0.784000 0.000074 0.213540
 0.904376 0.008243 0.087289 0.000092
 0.004682 0.041386 0.002369 0.951563
 0.075831 0.009255 0.901052 0.013862
 0.002387 0.012697 0.000074 0.984842
 0.000092 0.009255 0.000074 0.990580
 0.088454 0.002369 0.904495 0.004682
 0.019600 0.227293 0.723179 0.029928
 0.002387 0.876953 0.000074 0.120586
 0.002387 0.969906 0.000074 0.027633
 0.990580 0.000074 0.006959 0.002387
 0.048290 0.006959 0.944659 0.000092
 0.027633 0.000074 0.956135 0.016158
 0.126324 0.843673 0.011550 0.018453

MOTIF 6-AGGAGAATCGCTTGA STREME-6
letter-probability matrix: alength= 4 w= 15 nsites= 514 E= 1.9e-014
 0.856509 0.000072 0.136614 0.006805
 0.020235 0.023807 0.935723 0.020235
 0.043970 0.002311 0.946915 0.006805
 0.979621 0.000072 0.013503 0.006805
 0.020235 0.006787 0.966173 0.006805
 0.769211 0.000072 0.228389 0.002328
 0.995290 0.000072 0.002311 0.002328
 0.000089 0.013503 0.002311 0.984098
 0.015758 0.679658 0.053794 0.250790
 0.303624 0.011264 0.653684 0.031427
 0.000089 0.961696 0.000072 0.038142
 0.006805 0.026933 0.042602 0.923661
 0.002328 0.000072 0.011264 0.986336
 0.015758 0.004549 0.979604 0.000089
 0.999766 0.000072 0.000072 0.000089

MOTIF 7-CCACCAYGCCCRGC STREME-7
letter-probability matrix: alength= 4 w= 14 nsites= 494 E= 3.7e-014
 0.000089 0.984080 0.000072 0.015758
 0.006805 0.975127 0.000072 0.017997
 0.981859 0.004549 0.011264 0.002328
 0.002328 0.984080 0.006787 0.006805
 0.000089 0.928120 0.011264 0.060526
 0.753543 0.000072 0.241819 0.004566
 0.009043 0.606678 0.011264 0.373015
 0.153652 0.011264 0.830518 0.004566
 0.002328 0.995272 0.000072 0.002328
 0.002328 0.981842 0.000072 0.015758
 0.004566 0.727552 0.006787 0.261095
 0.335849 0.002311 0.652797 0.009043
 0.000089 0.002311 0.990796 0.006805
 0.000089 0.995272 0.004549 0.000089

MOTIF 8-GTAGAGACGGGGTTT STREME-8
letter-probability matrix: alength= 4 w= 15 nsites= 463 E= 1.4e-013
 0.015561 0.005236 0.976524 0.002679
 0.000103 0.007812 0.005236 0.986849
 0.976544 0.000083 0.018118 0.005256
 0.005256 0.002659 0.986829 0.005256
 0.986849 0.005236 0.005236 0.002679
 0.015561 0.007812 0.971371 0.005256
 0.986849 0.002659 0.007812 0.002679
 0.007832 0.682819 0.015541 0.293808
 0.260315 0.007812 0.711159 0.020714
 0.054206 0.000083 0.932726 0.012985
 0.038748 0.000083 0.953337 0.007832
 0.025866 0.002659 0.948184 0.023290
 0.005256 0.007812 0.015541 0.971391
 0.002679 0.043881 0.002659 0.950780
 0.002679 0.005236 0.002659 0.989426

MOTIF 9-GGTCTCGAACTCCTG STREME-9
letter-probability matrix: alength= 4 w= 15 nsites= 504 E= 2.1e-012
 0.029332 0.011320 0.952510 0.006838
 0.020335 0.006821 0.954760 0.018085
 0.009087 0.027066 0.000072 0.963775
 0.004589 0.976320 0.006821 0.012270
 0.004589 0.000072 0.002322 0.993017
 0.004589 0.732067 0.013569 0.249775
 0.232713 0.036063 0.715388 0.015836
 0.988518 0.004571 0.004571 0.002339
 0.867050 0.004571 0.009070 0.119309
 0.002339 0.957009 0.006821 0.033831
 0.002339 0.020317 0.006821 0.970523
 0.006838 0.961508 0.006821 0.024833
 0.000090 0.972755 0.004571 0.022584
 0.004589 0.031564 0.002322 0.961525
 0.040579 0.004571 0.945762 0.009087

MOTIF 10-CGAGATCGCGCCAC STREME-10
letter-probability matrix: alength= 4 w= 14 nsites= 397 E= 2.1e-011
 0.016325 0.715894 0.016304 0.251477
 0.294723 0.012020 0.690446 0.002811
 0.905117 0.005493 0.000087 0.089303
 0.000108 0.000087 0.996994 0.002811
 0.994312 0.000087 0.005493 0.000108
 0.000108 0.024413 0.000087 0.975392
 0.013622 0.672647 0.048739 0.264991
 0.322874 0.005493 0.663417 0.008217
 0.016325 0.645618 0.019007 0.319049
 0.298548 0.001209 0.697433 0.002811
 0.005514 0.972668 0.008196 0.013622
 0.000108 0.978074 0.002790 0.019028
 0.980798 0.000087 0.019007 0.000108
 0.000108 0.845632 0.002790 0.151470

MOTIF 11-AAAAAAAAAAAAAAA STREME-11
letter-probability matrix: alength= 4 w= 15 nsites= 461 E= 3.1e-011
 0.999733 0.000082 0.000082 0.000102
 0.993384 0.006431 0.000082 0.000102
 0.975067 0.002642 0.022189 0.000102
 0.993155 0.005202 0.000082 0.001560
 0.973423 0.024841 0.000082 0.001653
 0.920357 0.061540 0.000082 0.018020
 0.999733 0.000082 0.000082 0.000102
 0.994613 0.005202 0.000082 0.000102
 0.991205 0.000082 0.006904 0.001809
 0.928703 0.052341 0.018001 0.000955
 0.923779 0.076036 0.000082 0.000102
 0.993922 0.002642 0.002642 0.000794
 0.946566 0.012881 0.038905 0.001648
 0.983162 0.000082 0.016653 0.000102
 0.989457 0.010358 0.000082 0.000102

MOTIF 12-AGTCTYRCTCTGTCR STREME-12
letter-probability matrix: alength= 4 w= 15 nsites= 379 E= 1.7e-010
 0.758619 0.008915 0.226469 0.005997
 0.044216 0.000095 0.955572 0.000117
 0.000117 0.003035 0.000095 0.996753
 0.003057 0.970271 0.000095 0.026577
 0.000117 0.003035 0.003035 0.993813
 0.011877 0.652759 0.005975 0.329389
 0.358789 0.023614 0.593960 0.023637
 0.008937 0.940872 0.000095 0.050096
 0.011877 0.014794 0.000095 0.973234
 0.003057 0.940872 0.029494 0.026577
 0.000117 0.008915 0.003035 0.987933
 0.014817 0.003035 0.973211 0.008937
 0.008937 0.008915 0.000095 0.982054
 0.011877 0.752716 0.003035 0.232372
 0.426407 0.000095 0.561621 0.011877

MOTIF 13-GGYGGATCACSWG STREME-13
letter-probability matrix: alength= 4 w= 13 nsites= 318 E= 1.4e-009
 0.000145 0.000117 0.999592 0.000145
 0.014706 0.000117 0.985032 0.000145
 0.003785 0.608321 0.000117 0.387776
 0.268315 0.007397 0.724142 0.000145
 0.000145 0.000117 0.999592 0.000145
 0.988700 0.000117 0.007397 0.003785
 0.000145 0.000117 0.000117 0.999620
 0.003785 0.988672 0.003757 0.003785
 0.992340 0.000117 0.007397 0.000145
 0.000145 0.884486 0.000117 0.115252
 0.058386 0.404128 0.448288 0.089198
 0.508686 0.000117 0.007397 0.483799
 0.011065 0.003757 0.981392 0.003785

MOTIF 14-AAAAATACAAAAATT STREME-14
letter-probability matrix: alength= 4 w= 15 nsites= 394 E= 5.1e-009
 0.955316 0.005819 0.008683 0.030182
 0.996838 0.002956 0.000092 0.000114
 0.996838 0.000092 0.002956 0.000114
 0.988247 0.005819 0.002956 0.002978
 0.973929 0.011547 0.011547 0.002978
 0.000114 0.005819 0.000092 0.993974
 0.985383 0.000092 0.014410 0.000114
 0.011569 0.964722 0.009277 0.014432
 0.996838 0.002956 0.000092 0.000114
 0.982520 0.000092 0.014410 0.002978
 0.996838 0.000092 0.002956 0.000114
 0.991110 0.002956 0.002956 0.002978
 0.904048 0.011886 0.016238 0.067827
 0.286811 0.017274 0.005819 0.690096
 0.142280 0.011547 0.000092 0.846081

MOTIF 15-CGCCTCCCGGGT STREME-15
letter-probability matrix: alength= 4 w= 12 nsites= 327 E= 3.0e-006
 0.005733 0.833984 0.011204 0.149078
 0.077208 0.002466 0.909080 0.011247
 0.005733 0.977329 0.005691 0.011247
 0.011247 0.949763 0.027744 0.011247
 0.000220 0.011204 0.011204 0.977372
 0.005733 0.988356 0.000178 0.005733
 0.005733 0.977329 0.011204 0.005733
 0.011247 0.830901 0.003261 0.154591
 0.176644 0.005691 0.811932 0.005733
 0.000220 0.016717 0.977329 0.005733
 0.005733 0.005690 0.988356 0.000220
 0.011247 0.011204 0.000178 0.977372

MOTIF 16-TACTCRGGAGGCTGA STREME-16
letter-probability matrix: alength= 4 w= 15 nsites= 227 E= 1.1e-005
 0.009944 0.000157 0.000157 0.989742
 0.994617 0.000157 0.005032 0.000195
 0.005069 0.965331 0.005032 0.024568
 0.000195 0.034279 0.009906 0.955620
 0.048941 0.711851 0.083026 0.156182
 0.502281 0.078150 0.307258 0.112311
 0.136683 0.019656 0.814219 0.029442
 0.068439 0.019656 0.887337 0.024568
 0.936121 0.014781 0.014781 0.034317
 0.073314 0.000157 0.921460 0.005069
 0.097686 0.029405 0.843466 0.029442
 0.014819 0.945833 0.014781 0.024568
 0.005069 0.005032 0.005032 0.984867
 0.048941 0.014781 0.926334 0.009944
 0.931247 0.014781 0.039154 0.014819

MOTIF 17-ACACACACACACACA STREME-17
letter-probability matrix: alength= 4 w= 15 nsites= 254 E= 2.0e-005
 0.999519 0.000148 0.000148 0.000184
 0.023212 0.895856 0.000148 0.080783
 0.958621 0.002060 0.039136 0.000184
 0.000184 0.981061 0.000148 0.018607
 0.976491 0.000148 0.023177 0.000184
 0.027818 0.800485 0.078445 0.093252
 0.938111 0.000148 0.061557 0.000184
 0.050846 0.913801 0.000148 0.035204
 0.942340 0.000148 0.057328 0.000184
 0.014001 0.787537 0.009360 0.189102
 0.905495 0.013965 0.036994 0.043546
 0.058629 0.931827 0.000148 0.009395
 0.999519 0.000148 0.000148 0.000184
 0.040041 0.832728 0.000148 0.127083
 0.882187 0.092541 0.025088 0.000184

MOTIF 18-CGTGAGCCACYGY STREME-18
letter-probability matrix: alength= 4 w= 13 nsites= 228 E= 3.6e-005
 0.000205 0.809157 0.010433 0.180206
 0.314234 0.000165 0.680262 0.005339
 0.000205 0.000165 0.015566 0.984063
 0.000205 0.005299 0.994291 0.000205
 0.968662 0.015566 0.005299 0.010472
 0.000205 0.000165 0.999425 0.000205
 0.000205 0.978890 0.005299 0.015606
 0.005339 0.984024 0.000165 0.010472
 0.968662 0.000165 0.015566 0.015606
 0.020740 0.966492 0.000165 0.012603
 0.005339 0.471589 0.046368 0.476705
 0.230346 0.000165 0.769284 0.000205
 0.005339 0.616340 0.025834 0.352488

MOTIF 19-CYGTCTCAAAAAAAA STREME-19
letter-probability matrix: alength= 4 w= 15 nsites= 219 E= 1.3e-004
 0.000208 0.999415 0.000168 0.000208
 0.000208 0.391692 0.015829 0.592270
 0.256004 0.000168 0.743619 0.000208
 0.000208 0.000168 0.000168 0.999455
 0.000208 0.999415 0.000168 0.000208
 0.000208 0.000168 0.000168 0.999455
 0.015869 0.983754 0.000168 0.000208
 0.924204 0.000168 0.005389 0.070239
 0.989014 0.000168 0.010609 0.000208
 0.968133 0.026270 0.005389 0.000208
 0.989014 0.005389 0.005389 0.000208
 0.858507 0.083693 0.005389 0.052412
 0.816744 0.078473 0.036710 0.068073
 0.892883 0.026270 0.021049 0.059798
 0.832405 0.031490 0.041931 0.094174

MOTIF 20-CCCCACCCCCACCCC STREME-20
letter-probability matrix: alength= 4 w= 15 nsites= 408 E= 7.7e-004
 0.046478 0.858010 0.041305 0.054207
 0.037241 0.867247 0.038729 0.056783
 0.038749 0.860587 0.033576 0.067089
 0.041325 0.868316 0.049034 0.041325
 0.805194 0.037899 0.075867 0.081040
 0.038749 0.854365 0.052680 0.054207
 0.038749 0.903316 0.019187 0.038749
 0.077394 0.824517 0.028423 0.069665
 0.029512 0.891941 0.028423 0.050123
 0.059359 0.840414 0.054187 0.046040
 0.711814 0.051411 0.142853 0.093922
 0.091345 0.732644 0.076936 0.099074
 0.067089 0.836330 0.026916 0.069665
 0.095429 0.783295 0.036152 0.085123
 0.081039 0.792532 0.046458 0.079971

MOTIF 21-GCAACAAGAGYGAAA STREME-21
letter-probability matrix: alength= 4 w= 15 nsites= 115 E= 2.8e-003
 0.000407 0.030896 0.958102 0.010596
 0.030974 0.866400 0.000328 0.102298
 0.856289 0.000328 0.142975 0.000407
 0.998936 0.000328 0.000328 0.000407
 0.010596 0.978480 0.010517 0.000407
 0.968369 0.020706 0.010517 0.000407
 0.988747 0.000328 0.010517 0.000407
 0.102298 0.000328 0.876589 0.020785
 0.998936 0.000328 0.000328 0.000407
 0.030974 0.000328 0.958102 0.010596
 0.000407 0.591295 0.000328 0.407970
 0.316268 0.000328 0.662618 0.020785
 0.998936 0.000328 0.000328 0.000407
 0.886857 0.000328 0.112408 0.000407
 0.988747 0.010517 0.000328 0.000407

MOTIF 22-CCCCACCCCACCC STREME-22
letter-probability matrix: alength= 4 w= 13 nsites= 235 E= 4.5e-003
 0.027327 0.859503 0.037518 0.075652
 0.084839 0.809739 0.039995 0.065428
 0.046473 0.877739 0.017070 0.058718
 0.038664 0.893295 0.021304 0.046738
 0.785264 0.025696 0.080573 0.108467
 0.059438 0.848672 0.056096 0.035794
 0.029020 0.874744 0.063639 0.032597
 0.109080 0.810539 0.025537 0.054844
 0.027327 0.908998 0.029771 0.033905
 0.822603 0.017070 0.065264 0.095063
 0.027327 0.841394 0.074318 0.056961
 0.070021 0.828258 0.050938 0.050782
 0.045625 0.864822 0.029771 0.059782

MOTIF 23-CCATTTTACAGATGA STREME-23
letter-probability matrix: alength= 4 w= 15 nsites= 203 E= 6.4e-003
 0.045394 0.738320 0.010205 0.206081
 0.005222 0.833728 0.020248 0.140802
 0.959304 0.000162 0.040334 0.000201
 0.010243 0.050377 0.045355 0.894025
 0.030329 0.045355 0.000162 0.924154
 0.000201 0.035312 0.045355 0.919132
 0.000201 0.105613 0.015226 0.878960
 0.939218 0.025269 0.015226 0.020286
 0.030329 0.627848 0.040334 0.301489
 0.959304 0.000162 0.025269 0.015265
 0.115695 0.030291 0.843771 0.010243
 0.848832 0.015226 0.115655 0.020286
 0.065480 0.045355 0.055398 0.833767
 0.191016 0.020248 0.753385 0.035351
 0.828745 0.010205 0.125699 0.035351

MOTIF 24-AAATATTTATTGA STREME-24
letter-probability matrix: alength= 4 w= 13 nsites= 197 E= 9.3e-003
 0.784398 0.050243 0.020458 0.144902
 0.951442 0.009764 0.018285 0.020510
 0.852317 0.013711 0.124156 0.009816
 0.020510 0.131356 0.003590 0.844544
 0.992549 0.000217 0.006964 0.000269
 0.036803 0.013711 0.001517 0.947969
 0.031830 0.030004 0.043498 0.894668
 0.047497 0.001517 0.027204 0.923782
 0.803563 0.009764 0.186404 0.000269
 0.000269 0.136678 0.020458 0.842595
 0.062290 0.000217 0.013711 0.923782
 0.142224 0.000217 0.837050 0.020509
 0.869582 0.067685 0.006964 0.055769

MOTIF 25-TAATTTTTAAAA STREME-25
letter-probability matrix: alength= 4 w= 12 nsites= 207 E= 1.3e-002
 0.000419 0.000338 0.000338 0.998904
 0.755084 0.062129 0.000338 0.182449
 0.945958 0.034275 0.019348 0.000419
 0.031419 0.000338 0.000338 0.967904
 0.000419 0.000338 0.000338 0.998904
 0.027225 0.012463 0.013011 0.947301
 0.027225 0.000338 0.000338 0.972099
 0.000419 0.000338 0.000338 0.998904
 0.782684 0.000338 0.031610 0.185368
 0.998904 0.000338 0.000338 0.000419
 0.956920 0.042322 0.000338 0.000419
 0.795662 0.000338 0.042322 0.161678

MOTIF 26-AAATAAATAAATAAA STREME-26
letter-probability matrix: alength= 4 w= 15 nsites= 235 E= 2.1e-002
 0.920291 0.004307 0.062718 0.012683
 0.926410 0.020996 0.006038 0.046556
 0.945325 0.008479 0.033513 0.012683
 0.029372 0.267160 0.004307 0.699161
 0.911947 0.004307 0.083580 0.000167
 0.974531 0.004307 0.016824 0.004339
 0.957842 0.000134 0.016824 0.025200
 0.037717 0.283849 0.000134 0.678300
 0.924464 0.000134 0.075235 0.000167
 0.974531 0.000134 0.004307 0.021028
 0.920291 0.008479 0.066891 0.004339
 0.004339 0.277235 0.000134 0.718291
 0.957842 0.004307 0.025168 0.012683
 0.903602 0.046029 0.008479 0.041889
 0.866052 0.029340 0.033513 0.071095

MOTIF 27-GCCTCAGTTTCC STREME-27
letter-probability matrix: alength= 4 w= 12 nsites= 314 E= 2.5e-002
 0.119171 0.007317 0.873369 0.000144
 0.044681 0.831571 0.000116 0.123632
 0.003132 0.953413 0.000116 0.043339
 0.003744 0.065215 0.001610 0.929431
 0.000144 0.951337 0.000116 0.048403
 0.731170 0.037001 0.231685 0.000144
 0.027340 0.000116 0.972400 0.000144
 0.027146 0.299199 0.018811 0.654844
 0.041668 0.284893 0.080991 0.592449
 0.014545 0.078442 0.003716 0.903297
 0.018144 0.870031 0.000116 0.111709
 0.000144 0.873823 0.023518 0.102515

MOTIF 28-GCCAGGCAYGGTGSC STREME-28
letter-probability matrix: alength= 4 w= 15 nsites= 253 E= 3.1e-002
 0.051554 0.028169 0.896742 0.023535
 0.014196 0.957449 0.018829 0.009526
 0.000186 0.910751 0.042178 0.046884
 0.672630 0.107555 0.154252 0.065563
 0.037544 0.014160 0.924761 0.023535
 0.004856 0.032839 0.929430 0.032875
 0.000186 0.985467 0.000150 0.014196
 0.649281 0.042178 0.252317 0.056223
 0.051554 0.560520 0.032839 0.355087
 0.196316 0.070197 0.597878 0.135609
 0.084242 0.000150 0.878063 0.037544
 0.037544 0.144913 0.093545 0.723997
 0.004856 0.014160 0.966788 0.014196
 0.140279 0.266326 0.504483 0.088912
 0.014196 0.653915 0.037508 0.294381

MOTIF 29-ACTTTGGGAGGCC STREME-29
letter-probability matrix: alength= 4 w= 13 nsites= 164 E= 5.4e-002
 0.934209 0.000233 0.065270 0.000289
 0.000289 0.999190 0.000233 0.000289
 0.007515 0.000233 0.000233 0.992019
 0.007515 0.086949 0.021912 0.883625
 0.043645 0.043591 0.007459 0.905305
 0.036420 0.000233 0.941380 0.021967
 0.101457 0.000233 0.894409 0.003901
 0.166494 0.007459 0.804080 0.021967
 0.977567 0.000233 0.007459 0.014741
 0.104454 0.000233 0.819762 0.075550
 0.062998 0.007459 0.871444 0.058099
 0.058099 0.883569 0.000233 0.058099
 0.098635 0.798412 0.000233 0.102720

MOTIF 30-AAAAGAAAGAAAAA STREME-30
letter-probability matrix: alength= 4 w= 14 nsites= 343 E= 6.8e-002
 0.797748 0.000128 0.201964 0.000159
 0.974344 0.012085 0.013412 0.000159
 0.829359 0.008099 0.162383 0.000159
 0.953515 0.008099 0.008099 0.030286
 0.000159 0.000128 0.965014 0.034699
 0.925116 0.000128 0.074597 0.000159
 0.971686 0.012085 0.000128 0.016101
 0.999584 0.000128 0.000128 0.000159
 0.256012 0.006957 0.736872 0.000159
 0.846208 0.000128 0.130817 0.022846
 0.822255 0.004114 0.173472 0.000159
 0.848689 0.004114 0.143052 0.004145
 0.560307 0.067289 0.217524 0.154880
 0.893751 0.032012 0.064115 0.010122

MOTIF 31-AGACCCTGTCTC STREME-31
letter-probability matrix: alength= 4 w= 12 nsites= 107 E= 9.0e-002
 0.943541 0.018438 0.019514 0.018508
 0.000362 0.000292 0.998983 0.000362
 0.935544 0.000292 0.018438 0.045726
 0.036653 0.874931 0.000292 0.088123
 0.031344 0.674677 0.000292 0.293687
 0.009435 0.807728 0.068704 0.114133
 0.000362 0.281545 0.018438 0.699655
 0.027580 0.000292 0.971765 0.000362
 0.000362 0.027510 0.000292 0.971835
 0.036653 0.935474 0.000292 0.027580
 0.000362 0.018436 0.018438 0.962764
 0.000362 0.935474 0.027510 0.036653

MOTIF 32-AAAWWAAAAYAAAA STREME-32
letter-probability matrix: alength= 4 w= 14 nsites= 322 E= 1.6e-001
 0.927517 0.000134 0.000134 0.072216
 0.999567 0.000134 0.000134 0.000166
 0.737628 0.012582 0.043505 0.206285
 0.593935 0.049299 0.000134 0.356632
 0.462162 0.135287 0.000134 0.402417
 0.890042 0.031047 0.025507 0.053404
 0.886547 0.081786 0.000134 0.031533
 0.995418 0.004283 0.000134 0.000166
 0.942793 0.000134 0.000134 0.056940
 0.153328 0.293911 0.000134 0.552627
 0.979405 0.000134 0.000134 0.020328
 0.860690 0.038988 0.000134 0.100188
 0.999567 0.000134 0.000134 0.000166
 0.999567 0.000134 0.000134 0.000166

MOTIF 33-GAATGAATGAATGAA STREME-33
letter-probability matrix: alength= 4 w= 15 nsites= 124 E= 1.7e-001
 0.100767 0.000294 0.776130 0.122809
 0.907773 0.000294 0.091569 0.000364
 0.816498 0.064186 0.091569 0.027747
 0.000364 0.073314 0.000294 0.926027
 0.159319 0.018549 0.821767 0.000364
 0.953410 0.018549 0.027677 0.000364
 0.725223 0.045932 0.201099 0.027747
 0.000364 0.018549 0.091569 0.889518
 0.109894 0.018549 0.862065 0.009492
 0.953410 0.045932 0.000294 0.000364
 0.834753 0.036804 0.082441 0.046002
 0.000364 0.045932 0.027677 0.926027
 0.173787 0.000294 0.798172 0.027747
 0.898645 0.018549 0.082441 0.000364
 0.853008 0.000294 0.082441 0.064257

MOTIF 34-AAYAAYAAYAAHAA STREME-34
letter-probability matrix: alength= 4 w= 14 nsites= 197 E= 2.9e-001
 0.999419 0.000179 0.000179 0.000222
 0.943727 0.000179 0.055871 0.000222
 0.000222 0.559409 0.000179 0.440189
 0.910312 0.000179 0.089287 0.000222
 0.860189 0.000179 0.139409 0.000222
 0.000222 0.542702 0.000179 0.456896
 0.960434 0.000179 0.039164 0.000222
 0.977142 0.000179 0.011318 0.011361
 0.000222 0.584945 0.000179 0.414653
 0.977142 0.000179 0.022456 0.000222
 0.999419 0.000179 0.000179 0.000222
 0.289820 0.436888 0.022456 0.250836
 0.988280 0.000179 0.011318 0.000222
 0.774340 0.000179 0.074890 0.150591

MOTIF 35-CATGCCTGTA STREME-35
letter-probability matrix: alength= 4 w= 10 nsites= 64 E= 3.6e-001
 0.001099 0.996916 0.000887 0.001099
 0.958410 0.000887 0.039604 0.001099
 0.001099 0.260314 0.000887 0.737701
 0.001099 0.000887 0.996916 0.001099
 0.001099 0.996916 0.000887 0.001099
 0.001099 0.831818 0.165985 0.001099
 0.001099 0.015757 0.009126 0.974018
 0.001099 0.000887 0.996916 0.001099
 0.001099 0.000887 0.000887 0.997128
 0.997128 0.000887 0.000887 0.001099

MOTIF 36-AGGGAAGGG STREME-36
letter-probability matrix: alength= 4 w= 9 nsites= 134 E= 4.4e-001
 0.934245 0.020300 0.020300 0.025155
 0.025155 0.020300 0.929391 0.025155
 0.025155 0.020300 0.929391 0.025155
 0.025155 0.020300 0.929391 0.025155
 0.934245 0.020300 0.020300 0.025155
 0.934245 0.020300 0.020300 0.025155
 0.025155 0.020300 0.929391 0.025155
 0.025155 0.020300 0.929391 0.025155
 0.025155 0.020300 0.929391 0.025155

MOTIF 37-GATCACYTGAGSY STREME-37
letter-probability matrix: alength= 4 w= 13 nsites= 175 E= 4.9e-001
 0.003417 0.000204 0.989796 0.006583
 0.895429 0.021821 0.076166 0.006583
 0.000253 0.012864 0.000204 0.986679
 0.012913 0.854716 0.000204 0.132167
 0.711854 0.088827 0.133138 0.066181
 0.009210 0.880093 0.025525 0.085172
 0.006583 0.330980 0.006534 0.655902
 0.012913 0.044515 0.025525 0.917047
 0.006583 0.019195 0.961309 0.012913
 0.999339 0.000204 0.000204 0.000253
 0.009210 0.000204 0.990333 0.000253
 0.000253 0.334628 0.639545 0.025574
 0.002880 0.451199 0.000204 0.545718

MOTIF 38-CTTCCTTCCYTCCYC STREME-38
letter-probability matrix: alength= 4 w= 15 nsites= 339 E= 5.5e-001
 0.000130 0.910362 0.022899 0.066608
 0.058744 0.231692 0.009874 0.699690
 0.009899 0.104308 0.022899 0.862894
 0.000130 0.967072 0.000105 0.032693
 0.000130 0.996379 0.003361 0.000130
 0.000130 0.234948 0.000105 0.764817
 0.006643 0.159112 0.026156 0.808089
 0.042463 0.807511 0.045694 0.104333
 0.000130 0.862869 0.000105 0.136897
 0.006643 0.636829 0.022899 0.333629
 0.026181 0.013130 0.071745 0.888944
 0.045719 0.670745 0.156410 0.127127
 0.032693 0.781460 0.058719 0.127128
 0.009899 0.365202 0.039181 0.585718
 0.000130 0.610779 0.175947 0.213144

MOTIF 39-ATAAATTACCCAGTC STREME-39
letter-probability matrix: alength= 4 w= 15 nsites= 81 E= 7.2e-001
 0.824013 0.012880 0.125177 0.037931
 0.000498 0.075267 0.012880 0.911355
 0.948788 0.037835 0.000402 0.012976
 0.886400 0.025357 0.062790 0.025453
 0.848968 0.000402 0.100222 0.050408
 0.000498 0.037835 0.025357 0.936310
 0.012976 0.012880 0.037835 0.936310
 0.886400 0.000402 0.087745 0.025453
 0.000498 0.911259 0.000402 0.087841
 0.025453 0.848872 0.050312 0.075363
 0.037931 0.873827 0.012880 0.075363
 0.923833 0.025357 0.012880 0.037931
 0.050408 0.000402 0.948692 0.000498
 0.000498 0.087745 0.000402 0.911355
 0.012976 0.923737 0.025357 0.037931

MOTIF 40-GTCCCCACCCAAATC STREME-40
letter-probability matrix: alength= 4 w= 15 nsites= 73 E= 7.2e-001
 0.091314 0.015606 0.816884 0.076196
 0.000604 0.000487 0.000487 0.998422
 0.045959 0.877358 0.030724 0.045959
 0.000604 0.922713 0.030724 0.045959
 0.045959 0.877358 0.030724 0.045959
 0.015722 0.952950 0.000487 0.030841
 0.907711 0.000487 0.076079 0.015722
 0.045959 0.862239 0.015606 0.076196
 0.000604 0.907595 0.030724 0.061078
 0.015722 0.968069 0.000487 0.015722
 0.862356 0.045843 0.060961 0.030841
 0.892593 0.076079 0.000487 0.030841
 0.847237 0.136553 0.000487 0.015722
 0.015722 0.181909 0.015606 0.786764
 0.000604 0.968069 0.000487 0.030841

MOTIF 41-GAGAGAGAGAGAGAA STREME-41
letter-probability matrix: alength= 4 w= 15 nsites= 107 E= 9.0e-001
 0.051443 0.061572 0.886577 0.000408
 0.988727 0.000329 0.000329 0.010615
 0.092272 0.000329 0.906991 0.000408
 0.890701 0.030950 0.077941 0.000408
 0.010615 0.020743 0.968234 0.000408
 0.958106 0.010536 0.030950 0.000408
 0.020822 0.041158 0.937613 0.000408
 0.947899 0.030950 0.000329 0.020822
 0.000408 0.000329 0.998856 0.000408
 0.968313 0.020743 0.010536 0.000408
 0.020822 0.000329 0.978442 0.000408
 0.968313 0.000329 0.000329 0.031029
 0.000408 0.000329 0.998856 0.000408
 0.880139 0.051365 0.068089 0.000408
 0.609148 0.153437 0.206386 0.031029

MOTIF 42-AGAAATGCAAATY STREME-42
letter-probability matrix: alength= 4 w= 13 nsites= 66 E= 1.4e+000
 0.785720 0.000570 0.142192 0.071518
 0.000707 0.000570 0.998016 0.000707
 0.962747 0.018273 0.018273 0.000707
 0.980450 0.000570 0.018273 0.000707
 0.962747 0.018273 0.018273 0.000707
 0.000707 0.000570 0.000570 0.998152
 0.000707 0.000570 0.998016 0.000707
 0.000707 0.998016 0.000570 0.000707
 0.933044 0.065679 0.000570 0.000707
 0.927342 0.000570 0.071381 0.000707
 0.962747 0.000570 0.035976 0.000707
 0.047910 0.053678 0.035976 0.862436
 0.000707 0.425435 0.018273 0.555585

MOTIF 43-AAATAATAAT STREME-43
letter-probability matrix: alength= 4 w= 10 nsites= 116 E= 1.5e+000
 0.706065 0.029513 0.000754 0.263667
 0.931660 0.000754 0.000754 0.066832
 0.935304 0.035673 0.028089 0.000935
 0.000935 0.000754 0.000754 0.997556
 0.997556 0.000754 0.000754 0.000935
 0.832372 0.086798 0.079895 0.000935
 0.000935 0.000754 0.000754 0.997556
 0.997556 0.000754 0.000754 0.000935
 0.997556 0.000754 0.000754 0.000935
 0.000935 0.000754 0.000754 0.997556

MOTIF 44-ACCACATTTTCTTTA STREME-44
letter-probability matrix: alength= 4 w= 15 nsites= 59 E= 5.8e+000
 0.880509 0.000591 0.118169 0.000732
 0.019061 0.935354 0.026525 0.019061
 0.019061 0.778001 0.000591 0.202347
 0.998087 0.000591 0.000591 0.000732
 0.000732 0.887974 0.000591 0.110704
 0.888115 0.073905 0.037248 0.000732
 0.000732 0.000591 0.037248 0.961430
 0.000732 0.037248 0.000591 0.961430
 0.000732 0.000591 0.018919 0.979758
 0.000732 0.000591 0.018919 0.979758
 0.129033 0.613043 0.257192 0.000732
 0.000732 0.000591 0.000591 0.998087
 0.000732 0.000591 0.000591 0.998087
 0.074047 0.037248 0.000591 0.888115
 0.961430 0.037248 0.000591 0.000732

MOTIF 45-CAAGGTCACACAGCT STREME-45
letter-probability matrix: alength= 4 w= 15 nsites= 141 E= 1.3e+001
 0.030611 0.885492 0.038130 0.045766
 0.802201 0.113903 0.022976 0.060920
 0.809778 0.060862 0.129057 0.000303
 0.144270 0.030553 0.786988 0.038189
 0.060920 0.000244 0.923378 0.015457
 0.030611 0.139779 0.000244 0.829366
 0.007880 0.991573 0.000244 0.000303
 0.999209 0.000244 0.000244 0.000303
 0.023034 0.976419 0.000244 0.000303
 0.802201 0.129057 0.068439 0.000303
 0.113961 0.773122 0.000244 0.112673
 0.935447 0.000244 0.000244 0.064065
 0.038189 0.030553 0.885492 0.045766
 0.136693 0.574826 0.091171 0.197311
 0.132260 0.192819 0.091171 0.583750

MOTIF 46-CTTCCTTCCT STREME-46
letter-probability matrix: alength= 4 w= 10 nsites= 311 E= 1.5e+001
 0.000486 0.998635 0.000392 0.000486
 0.000486 0.072308 0.019149 0.908056
 0.074811 0.000392 0.079561 0.845235
 0.065765 0.933356 0.000392 0.000486
 0.000486 0.994989 0.004039 0.000486
 0.000486 0.000392 0.000392 0.998729
 0.038135 0.000392 0.000392 0.961080
 0.013876 0.901789 0.000392 0.083942
 0.000486 0.868747 0.029799 0.100968
 0.090076 0.200671 0.021257 0.687996

********************************************************************************
Stopped because 3 consecutive motifs exceeded the p-value threshold (0.05).
********************************************************************************
COMMAND:	streme --verbosity 1 --oc . --dna --totallength 4000000 --time 14400 --minw 8 --maxw 15 --thresh 0.05 --align center --p dyn_H3K27me3.bed.fa
********************************************************************************
CPU:		noble-meme.grid.gs.washington.edu
********************************************************************************
FINALTIME:	2928.98 seconds
********************************************************************************

