********************************************************************************
STREME - Sensitive, Thorough, Rapid, Enriched Motif Elicitation
********************************************************************************
MEME version 5.5.2 (Release date: Sun Jan 29 10:33:12 2023 -0800)

For further information on how to interpret these results please access https://meme-suite.org/meme.
To get a copy of the MEME Suite software please access https://meme-suite.org.

********************************************************************************


********************************************************************************
REFERENCE
********************************************************************************
If you use this program in your research, please cite:

Timothy L. Bailey,
"STREME: accurate and versatile sequence motif discovery",
Bioinformatics, Mar. 24, 2021.
********************************************************************************


ALPHABET= ACGT

strands: + -

Background letter frequencies
A 0.249 C 0.251 G 0.251 T 0.249 

MOTIF 1-GGAGGCTGAGGCAGG STREME-1
letter-probability matrix: alength= 4 w= 15 nsites= 875 E= 2.9e-022
 0.015635 0.006556 0.972556 0.005254
 0.026082 0.005254 0.968618 0.000047
 0.980333 0.001349 0.011763 0.006555
 0.031288 0.000047 0.968618 0.000047
 0.018271 0.002651 0.976428 0.002650
 0.000047 0.992049 0.001349 0.006555
 0.000047 0.223946 0.000047 0.775960
 0.040401 0.000047 0.958204 0.001349
 0.992049 0.001349 0.005254 0.001349
 0.022176 0.000047 0.975126 0.002650
 0.029987 0.001349 0.966014 0.002650
 0.005144 0.872719 0.003952 0.118185
 0.729527 0.001349 0.263870 0.005254
 0.033130 0.013064 0.944646 0.009159
 0.036716 0.005254 0.957983 0.000047

MOTIF 2-AGAATCGCTTGAACC STREME-2
letter-probability matrix: alength= 4 w= 15 nsites= 770 E= 8.9e-022
 0.970906 0.001499 0.020309 0.007286
 0.021755 0.007287 0.960778 0.010180
 0.772684 0.001499 0.218531 0.007286
 0.988268 0.010181 0.001499 0.000052
 0.000052 0.008734 0.001499 0.989715
 0.018861 0.706128 0.120143 0.154868
 0.264830 0.008734 0.713362 0.013074
 0.002946 0.959331 0.000052 0.037671
 0.017415 0.020309 0.070949 0.891328
 0.000052 0.014521 0.005840 0.979587
 0.015968 0.002946 0.976694 0.004393
 0.998396 0.001499 0.000052 0.000052
 0.761109 0.000052 0.238787 0.000052
 0.014521 0.926053 0.023202 0.036224
 0.004393 0.969459 0.001499 0.024649

MOTIF 3-CCTGTAATCCCAGCA STREME-3
letter-probability matrix: alength= 4 w= 15 nsites= 879 E= 1.2e-021
 0.003807 0.967262 0.000045 0.028885
 0.000045 0.979802 0.000045 0.020108
 0.001299 0.007569 0.002553 0.988579
 0.039353 0.000045 0.959302 0.001299
 0.002553 0.012585 0.002553 0.982309
 0.979801 0.002553 0.016346 0.001299
 0.900804 0.000045 0.099106 0.000045
 0.001299 0.005061 0.000045 0.993594
 0.002553 0.957231 0.005061 0.035155
 0.003807 0.966008 0.000045 0.030139
 0.001299 0.957231 0.007569 0.033901
 0.992341 0.000045 0.006315 0.001299
 0.048948 0.003807 0.945945 0.001299
 0.005061 0.974786 0.002553 0.017600
 0.717293 0.002553 0.013839 0.266315

MOTIF 4-CCAGCCTGGGCRACA STREME-4
letter-probability matrix: alength= 4 w= 15 nsites= 879 E= 3.2e-021
 0.002569 0.968943 0.010138 0.018350
 0.001307 0.962016 0.002569 0.034108
 0.997340 0.000046 0.001307 0.001307
 0.017708 0.005092 0.948139 0.029062
 0.000045 0.975894 0.001307 0.022754
 0.002569 0.975894 0.000046 0.021492
 0.005092 0.001307 0.001307 0.992294
 0.027800 0.008877 0.960754 0.002569
 0.034108 0.000046 0.960754 0.005092
 0.020231 0.221465 0.745643 0.012661
 0.002569 0.857304 0.001307 0.138820
 0.620126 0.003830 0.370952 0.005092
 0.997340 0.000046 0.001307 0.001307
 0.006353 0.960754 0.001307 0.031585
 0.974632 0.003830 0.018969 0.002569

MOTIF 5-ATTTTTAGTAGAGAC STREME-5
letter-probability matrix: alength= 4 w= 15 nsites= 738 E= 3.5e-020
 0.864978 0.007631 0.025814 0.101576
 0.028844 0.013692 0.009146 0.948317
 0.004600 0.004601 0.004601 0.986199
 0.006115 0.006116 0.006116 0.981653
 0.001570 0.001570 0.004601 0.992260
 0.000054 0.016723 0.004601 0.978622
 0.842249 0.003085 0.034906 0.119760
 0.037936 0.007631 0.949833 0.004600
 0.003085 0.018238 0.001570 0.977107
 0.986485 0.000055 0.013406 0.000054
 0.018238 0.030360 0.949833 0.001570
 0.990744 0.000055 0.009146 0.000054
 0.037936 0.019753 0.942257 0.000054
 0.964985 0.006116 0.021268 0.007631
 0.010661 0.672541 0.006116 0.310681

MOTIF 6-AGGTTGCAGTGAGC STREME-6
letter-probability matrix: alength= 4 w= 14 nsites= 698 E= 5.7e-020
 0.992007 0.004751 0.000057 0.003186
 0.026656 0.004751 0.965408 0.003186
 0.036044 0.081419 0.866834 0.015703
 0.003186 0.211287 0.007830 0.777697
 0.000056 0.006315 0.000057 0.993572
 0.026656 0.003186 0.966973 0.003186
 0.001621 0.971667 0.000057 0.026656
 0.938808 0.003186 0.050126 0.007880
 0.025091 0.000057 0.974796 0.000056
 0.000056 0.006315 0.009445 0.984184
 0.018832 0.001621 0.977926 0.001621
 0.996701 0.000057 0.003186 0.000056
 0.023526 0.006315 0.966973 0.003186
 0.007880 0.959149 0.007880 0.025091

MOTIF 7-AGGTCAGGAGTTCGA STREME-7
letter-probability matrix: alength= 4 w= 15 nsites= 690 E= 5.7e-020
 0.979960 0.001715 0.013300 0.005025
 0.023230 0.008335 0.963410 0.005025
 0.036470 0.072882 0.875693 0.014955
 0.001715 0.087895 0.000060 0.910331
 0.001715 0.968375 0.009990 0.019920
 0.926999 0.006680 0.056331 0.009990
 0.043090 0.011645 0.941895 0.003370
 0.029850 0.011645 0.958445 0.000059
 0.973340 0.009990 0.011645 0.005025
 0.039780 0.003370 0.951825 0.005025
 0.152323 0.009990 0.000060 0.837627
 0.000059 0.006680 0.000060 0.993201
 0.009990 0.767998 0.029851 0.192162
 0.261556 0.021575 0.708534 0.008335
 0.989890 0.001715 0.005025 0.003370

MOTIF 8-AGTGCAGTGGCRCGA STREME-8
letter-probability matrix: alength= 4 w= 15 nsites= 719 E= 5.3e-019
 0.970465 0.004693 0.020149 0.004693
 0.030969 0.007784 0.961192 0.000056
 0.000056 0.009330 0.007784 0.982830
 0.044880 0.000056 0.945735 0.009329
 0.013966 0.961192 0.000056 0.024786
 0.976648 0.000056 0.018604 0.004693
 0.173169 0.003147 0.823628 0.000056
 0.000056 0.020149 0.003147 0.976648
 0.034060 0.000056 0.962737 0.003147
 0.027877 0.000056 0.964283 0.007784
 0.009329 0.685423 0.006239 0.299009
 0.325285 0.013967 0.645236 0.015512
 0.018603 0.734884 0.016154 0.230358
 0.242724 0.048613 0.680786 0.027877
 0.959004 0.006239 0.030065 0.004693

MOTIF 9-CCACCAYGCCCGGCT STREME-9
letter-probability matrix: alength= 4 w= 15 nsites= 829 E= 1.3e-018
 0.001403 0.976836 0.004111 0.017651
 0.001403 0.971420 0.000049 0.027129
 0.978866 0.003434 0.017651 0.000049
 0.001403 0.975482 0.001403 0.021713
 0.002757 0.938924 0.004111 0.054209
 0.783213 0.001403 0.208565 0.006819
 0.009527 0.653355 0.000049 0.337069
 0.199087 0.000049 0.785921 0.014943
 0.001403 0.983606 0.001403 0.013589
 0.001403 0.974128 0.004111 0.020359
 0.016171 0.703453 0.001403 0.278973
 0.302668 0.004111 0.691818 0.001403
 0.019005 0.000049 0.980898 0.000049
 0.000049 0.984960 0.002757 0.012235
 0.010881 0.299284 0.002757 0.687079

MOTIF 10-GAGACRGAGTCTCRC STREME-10
letter-probability matrix: alength= 4 w= 15 nsites= 685 E= 3.7e-017
 0.019654 0.011490 0.957367 0.011489
 0.988392 0.003325 0.004958 0.003325
 0.014755 0.011490 0.968797 0.004958
 0.970430 0.006591 0.013123 0.009856
 0.011489 0.748349 0.000059 0.240102
 0.462583 0.011490 0.520970 0.004958
 0.065377 0.004958 0.923075 0.006590
 0.725488 0.006591 0.261331 0.006590
 0.036661 0.000059 0.953423 0.009856
 0.004958 0.019654 0.001692 0.973696
 0.001692 0.827686 0.001692 0.168930
 0.004002 0.009857 0.006591 0.979550
 0.018021 0.659493 0.012167 0.310319
 0.325015 0.021287 0.617714 0.035984
 0.008223 0.939404 0.009857 0.042515

MOTIF 11-AAAAAAAAAAAAAA STREME-11
letter-probability matrix: alength= 4 w= 14 nsites= 753 E= 2.5e-015
 0.969732 0.030147 0.000061 0.000060
 0.999819 0.000061 0.000061 0.000060
 0.999819 0.000061 0.000061 0.000060
 0.956370 0.043509 0.000061 0.000060
 0.840617 0.116712 0.042612 0.000060
 0.999819 0.000061 0.000061 0.000060
 0.999819 0.000061 0.000061 0.000060
 0.899406 0.100473 0.000061 0.000060
 0.999819 0.000061 0.000061 0.000060
 0.906062 0.070892 0.022987 0.000060
 0.946540 0.041148 0.000061 0.012251
 0.968974 0.000061 0.030905 0.000060
 0.987835 0.000061 0.012044 0.000060
 0.999819 0.000061 0.000061 0.000060

MOTIF 12-GGGGTTTCACCA STREME-12
letter-probability matrix: alength= 4 w= 12 nsites= 519 E= 5.3e-014
 0.187177 0.004611 0.794542 0.013670
 0.031381 0.002347 0.966191 0.000081
 0.047061 0.002347 0.950510 0.000081
 0.018199 0.000082 0.981638 0.000081
 0.000081 0.000082 0.000082 0.999755
 0.000081 0.000082 0.000082 0.999755
 0.000081 0.000082 0.000082 0.999755
 0.000081 0.990696 0.000082 0.009140
 0.869101 0.000082 0.078418 0.052399
 0.000081 0.967365 0.011406 0.021148
 0.000081 0.942934 0.002347 0.054638
 0.860098 0.000082 0.139739 0.000081

MOTIF 13-CGGATCACTTG STREME-13
letter-probability matrix: alength= 4 w= 11 nsites= 393 E= 1.0e-009
 0.051772 0.767928 0.001038 0.179261
 0.122665 0.019187 0.856508 0.001640
 0.009237 0.009238 0.974556 0.006969
 0.961464 0.001038 0.032798 0.004700
 0.009237 0.006584 0.000164 0.984014
 0.004700 0.980487 0.005575 0.009237
 0.957801 0.004701 0.028261 0.009237
 0.004700 0.960944 0.006970 0.027386
 0.002046 0.229742 0.113592 0.654620
 0.031923 0.013776 0.000164 0.954137
 0.013774 0.001038 0.975950 0.009237

MOTIF 14-AAAAATAAAAAWAA STREME-14
letter-probability matrix: alength= 4 w= 14 nsites= 427 E= 3.1e-007
 0.942766 0.000092 0.000092 0.057051
 0.776687 0.000092 0.012747 0.210474
 0.675047 0.012747 0.015278 0.296928
 0.969352 0.000092 0.005154 0.025402
 0.963803 0.000092 0.036015 0.000091
 0.000091 0.000092 0.000092 0.999726
 0.999726 0.000092 0.000092 0.000091
 0.831209 0.140766 0.005154 0.022871
 0.758097 0.015278 0.000092 0.226533
 0.768409 0.041640 0.000092 0.189860
 0.824846 0.023172 0.000092 0.151890
 0.394159 0.113777 0.016544 0.475521
 0.956547 0.000092 0.000092 0.043270
 0.703598 0.000092 0.020341 0.275970

MOTIF 15-CGTGAGCCACYGCGC STREME-15
letter-probability matrix: alength= 4 w= 15 nsites= 352 E= 1.2e-006
 0.032184 0.814097 0.022598 0.131121
 0.176579 0.029511 0.775097 0.018814
 0.021488 0.058924 0.035968 0.883619
 0.024162 0.010793 0.951579 0.013466
 0.919491 0.042880 0.018815 0.018814
 0.029510 0.029511 0.935535 0.005444
 0.008118 0.924840 0.018815 0.048228
 0.016140 0.926404 0.032185 0.025272
 0.875597 0.066946 0.035968 0.021488
 0.026836 0.898100 0.034859 0.040206
 0.058924 0.566526 0.080316 0.294234
 0.125773 0.037533 0.804510 0.032184
 0.024162 0.747247 0.049338 0.179253
 0.197971 0.091012 0.660115 0.050902
 0.026836 0.886294 0.038642 0.048228

MOTIF 16-CTTTGGGAGGCCRAG STREME-16
letter-probability matrix: alength= 4 w= 15 nsites= 257 E= 8.0e-006
 0.004468 0.963241 0.004469 0.027822
 0.000155 0.000156 0.008782 0.990907
 0.004468 0.021720 0.000156 0.973656
 0.000155 0.017408 0.004469 0.977968
 0.034658 0.008782 0.952093 0.004468
 0.103663 0.008782 0.883087 0.004468
 0.058012 0.000156 0.924426 0.017406
 0.971866 0.006259 0.017408 0.004468
 0.069160 0.008782 0.883088 0.038971
 0.092515 0.008782 0.881297 0.017406
 0.013094 0.921903 0.013095 0.051909
 0.047596 0.710573 0.000156 0.241675
 0.476621 0.070952 0.404831 0.047596
 0.921901 0.017408 0.038972 0.021719
 0.064848 0.030346 0.887400 0.017406

MOTIF 17-AAAGAAAVAAAVAAA STREME-17
letter-probability matrix: alength= 4 w= 15 nsites= 532 E= 8.1e-006
 0.902475 0.039972 0.046178 0.011375
 0.972646 0.000076 0.020943 0.006335
 0.964299 0.018856 0.008423 0.008422
 0.033295 0.255526 0.612656 0.098524
 0.876315 0.000076 0.121448 0.002162
 0.970914 0.014683 0.014328 0.000075
 0.923785 0.000076 0.057284 0.018856
 0.315418 0.235060 0.393105 0.056417
 0.772161 0.053110 0.141266 0.033463
 0.916836 0.038680 0.044409 0.000075
 0.851818 0.008423 0.122990 0.016769
 0.222786 0.273952 0.371675 0.131588
 0.827086 0.071891 0.051220 0.049802
 0.927885 0.000076 0.049010 0.023029
 0.912485 0.010509 0.074844 0.002162

MOTIF 18-CCCCGCCCCCAGC STREME-18
letter-probability matrix: alength= 4 w= 13 nsites= 467 E= 2.3e-005
 0.014464 0.972387 0.010666 0.002482
 0.004471 0.867099 0.111570 0.016860
 0.006077 0.950556 0.038488 0.004879
 0.015241 0.938985 0.029730 0.016043
 0.217922 0.000087 0.756078 0.025913
 0.072402 0.854612 0.051884 0.021102
 0.011615 0.939937 0.033939 0.014509
 0.007275 0.879011 0.091414 0.022300
 0.005447 0.946280 0.045329 0.002944
 0.010666 0.902428 0.043781 0.043126
 0.624088 0.166282 0.170807 0.038822
 0.067928 0.266667 0.612476 0.052928
 0.009563 0.904297 0.064487 0.021653

MOTIF 19-GAAACTGAGGCWCAG STREME-19
letter-probability matrix: alength= 4 w= 15 nsites= 209 E= 2.7e-005
 0.200038 0.038004 0.761764 0.000194
 0.956205 0.000196 0.032603 0.010997
 0.891391 0.059609 0.038004 0.010997
 0.950804 0.000196 0.048806 0.000194
 0.021799 0.940003 0.016399 0.021799
 0.027200 0.135225 0.000196 0.837379
 0.092014 0.000196 0.902195 0.005595
 0.999415 0.000196 0.000196 0.000194
 0.070410 0.000196 0.918398 0.010997
 0.135224 0.000196 0.842782 0.021799
 0.005595 0.961608 0.005597 0.027200
 0.264852 0.221645 0.000196 0.513308
 0.032601 0.794171 0.048806 0.124422
 0.896792 0.016399 0.048806 0.038002
 0.097416 0.027202 0.869788 0.005595

MOTIF 20-CCGCCTCCCG STREME-20
letter-probability matrix: alength= 4 w= 10 nsites= 430 E= 3.0e-004
 0.000155 0.999534 0.000156 0.000155
 0.000155 0.808293 0.000156 0.191396
 0.201328 0.000156 0.798361 0.000155
 0.000155 0.999534 0.000156 0.000155
 0.000155 0.972595 0.027095 0.000155
 0.000155 0.000156 0.065217 0.934472
 0.000155 0.999534 0.000156 0.000155
 0.000155 0.999534 0.000156 0.000155
 0.000155 0.999534 0.000156 0.000155
 0.133363 0.000156 0.866326 0.000155

MOTIF 21-GACCAGCCTGGCCAA STREME-21
letter-probability matrix: alength= 4 w= 15 nsites= 197 E= 3.7e-004
 0.015019 0.019967 0.964837 0.000178
 0.964836 0.015020 0.015020 0.005125
 0.049647 0.860950 0.019967 0.069435
 0.029860 0.870844 0.034808 0.064488
 0.900525 0.015020 0.034808 0.049647
 0.039754 0.029861 0.776852 0.153534
 0.039754 0.875791 0.029861 0.054594
 0.049647 0.841163 0.054596 0.054594
 0.049647 0.059543 0.024914 0.865896
 0.059541 0.019967 0.920314 0.000178
 0.183215 0.029861 0.776852 0.010072
 0.049647 0.821375 0.054596 0.074382
 0.039754 0.806534 0.019967 0.133746
 0.945048 0.024914 0.010073 0.019966
 0.821373 0.029861 0.109012 0.039754

MOTIF 22-CCCCCACCCCVCYCC STREME-22
letter-probability matrix: alength= 4 w= 15 nsites= 573 E= 4.3e-004
 0.023963 0.831052 0.091610 0.053375
 0.070681 0.766521 0.121527 0.041270
 0.009257 0.936539 0.009258 0.044946
 0.003743 0.895179 0.057814 0.043264
 0.114036 0.763295 0.085838 0.036831
 0.652912 0.011096 0.179165 0.156827
 0.018448 0.932099 0.033155 0.016298
 0.000066 0.954921 0.011859 0.033154
 0.000066 0.962274 0.009258 0.028402
 0.054137 0.904526 0.031316 0.010020
 0.440052 0.229670 0.283902 0.046376
 0.114486 0.620417 0.199576 0.065521
 0.165644 0.420034 0.195056 0.219265
 0.065930 0.744913 0.093504 0.095654
 0.001904 0.979581 0.011096 0.007419

MOTIF 23-AGTAGCTGGGACYAC STREME-23
letter-probability matrix: alength= 4 w= 15 nsites= 207 E= 1.3e-003
 0.960098 0.011430 0.017043 0.011429
 0.022655 0.011430 0.954486 0.011429
 0.000202 0.022657 0.022657 0.954484
 0.965711 0.022657 0.011430 0.000202
 0.039496 0.017043 0.920805 0.022655
 0.011429 0.932032 0.011430 0.045109
 0.028269 0.022657 0.005817 0.943258
 0.106857 0.000203 0.875898 0.017042
 0.106857 0.033884 0.842217 0.017042
 0.078790 0.033884 0.847831 0.039496
 0.943258 0.017043 0.005817 0.033882
 0.039496 0.802923 0.022657 0.134924
 0.056336 0.421210 0.022657 0.499797
 0.915190 0.005817 0.050724 0.028269
 0.045109 0.808537 0.045111 0.101243

MOTIF 24-AAAAATTAGCYRGGY STREME-24
letter-probability matrix: alength= 4 w= 15 nsites= 202 E= 2.6e-003
 0.924207 0.064661 0.010939 0.000193
 0.972557 0.000194 0.027055 0.000193
 0.999418 0.000194 0.000194 0.000193
 0.972557 0.027055 0.000194 0.000193
 0.961813 0.010939 0.027055 0.000193
 0.000193 0.000194 0.010939 0.988674
 0.000193 0.005567 0.000194 0.994046
 0.999418 0.000194 0.000194 0.000193
 0.075404 0.010939 0.859743 0.053915
 0.000193 0.913464 0.005567 0.080776
 0.048543 0.548156 0.027055 0.376246
 0.344012 0.037800 0.575018 0.043171
 0.113009 0.000194 0.886604 0.000193
 0.080776 0.048544 0.859743 0.010937
 0.037798 0.585762 0.043172 0.333268

MOTIF 25-ATATATATATWTWTA STREME-25
letter-probability matrix: alength= 4 w= 15 nsites= 406 E= 3.3e-003
 0.943422 0.015317 0.041187 0.000074
 0.007094 0.014464 0.004186 0.974256
 0.749687 0.018575 0.208199 0.023539
 0.163323 0.133692 0.053521 0.649464
 0.899050 0.016520 0.020631 0.063799
 0.102507 0.068764 0.008297 0.820432
 0.795415 0.020631 0.078189 0.105765
 0.055576 0.211806 0.066708 0.665909
 0.657686 0.055577 0.054374 0.232362
 0.155954 0.058486 0.051466 0.734095
 0.561770 0.078189 0.078189 0.281852
 0.208548 0.165030 0.067911 0.558512
 0.509525 0.080245 0.152696 0.257534
 0.188844 0.043243 0.030909 0.737004
 0.931088 0.020631 0.008297 0.039984

MOTIF 26-AGGAGTTYGAGA STREME-26
letter-probability matrix: alength= 4 w= 12 nsites= 241 E= 3.8e-003
 0.918545 0.000235 0.065278 0.015942
 0.039259 0.006740 0.927750 0.026251
 0.032755 0.000235 0.966776 0.000234
 0.980692 0.000235 0.018839 0.000234
 0.030891 0.000235 0.968639 0.000234
 0.000234 0.026252 0.017654 0.955861
 0.006738 0.032757 0.000235 0.960270
 0.020999 0.389385 0.026252 0.563364
 0.185052 0.019748 0.794966 0.000234
 0.977083 0.006740 0.000235 0.015942
 0.000234 0.013244 0.986288 0.000234
 0.927749 0.000235 0.065278 0.006738

MOTIF 27-ACACACACACACACA STREME-27
letter-probability matrix: alength= 4 w= 15 nsites= 239 E= 1.7e-002
 0.937313 0.000172 0.019189 0.043326
 0.000171 0.903461 0.000172 0.096196
 0.923418 0.033452 0.042960 0.000171
 0.000171 0.926144 0.000172 0.073513
 0.966205 0.004926 0.019189 0.009679
 0.004925 0.804564 0.033452 0.157060
 0.904401 0.000172 0.095256 0.000171
 0.000171 0.896989 0.000172 0.102668
 0.999485 0.000172 0.000172 0.000171
 0.004925 0.847351 0.014435 0.133289
 0.961451 0.004926 0.028697 0.004925
 0.009679 0.872503 0.000172 0.117646
 0.956697 0.009681 0.028697 0.004925
 0.000171 0.980469 0.000172 0.019188
 0.939399 0.026979 0.033452 0.000171

MOTIF 28-CCCATTTTACAGATG STREME-28
letter-probability matrix: alength= 4 w= 15 nsites= 206 E= 6.1e-002
 0.042356 0.707346 0.037087 0.213211
 0.021273 0.733700 0.005462 0.239565
 0.000189 0.862388 0.000191 0.137232
 0.881283 0.065629 0.031816 0.021273
 0.000189 0.037087 0.026545 0.936179
 0.000189 0.021274 0.005462 0.973075
 0.005460 0.005462 0.068712 0.920366
 0.016002 0.097254 0.010733 0.876012
 0.783324 0.037087 0.142504 0.037085
 0.005460 0.836034 0.026545 0.131961
 0.909824 0.026545 0.052899 0.010731
 0.100336 0.026545 0.857117 0.016002
 0.928720 0.000191 0.060358 0.010731
 0.021273 0.037087 0.049385 0.892255
 0.184669 0.000191 0.793867 0.021273

MOTIF 29-CCCCACCCCC STREME-29
letter-probability matrix: alength= 4 w= 10 nsites= 435 E= 6.2e-002
 0.000288 0.999134 0.000290 0.000288
 0.000288 0.999134 0.000290 0.000288
 0.000288 0.999134 0.000290 0.000288
 0.000288 0.936032 0.041315 0.022365
 0.999132 0.000290 0.000290 0.000288
 0.098127 0.702002 0.113270 0.086601
 0.000288 0.952466 0.046959 0.000288
 0.000288 0.887170 0.000290 0.112252
 0.167134 0.676622 0.023015 0.133230
 0.052296 0.947127 0.000290 0.000288

MOTIF 30-VGGAGGMGGAGGMGG STREME-30
letter-probability matrix: alength= 4 w= 15 nsites= 409 E= 7.3e-002
 0.348606 0.225943 0.395423 0.030029
 0.000098 0.062682 0.937123 0.000098
 0.000098 0.000099 0.999706 0.000098
 0.822839 0.119823 0.054519 0.002819
 0.054518 0.111660 0.822840 0.010982
 0.000098 0.000099 0.999706 0.000098
 0.518548 0.304852 0.071974 0.104625
 0.032750 0.163359 0.768420 0.035471
 0.027308 0.000099 0.972496 0.000098
 0.647273 0.238480 0.111429 0.002819
 0.113504 0.096463 0.781772 0.008261
 0.013703 0.013704 0.972496 0.000098
 0.472573 0.431148 0.030877 0.065402
 0.145088 0.149754 0.566289 0.138870
 0.010982 0.006574 0.982346 0.000098

MOTIF 31-GCAGCAGCAGCRSC STREME-31
letter-probability matrix: alength= 4 w= 14 nsites= 287 E= 9.8e-002
 0.011764 0.137444 0.796403 0.054389
 0.058264 0.941457 0.000140 0.000139
 0.831349 0.062139 0.098622 0.007889
 0.000139 0.000140 0.999581 0.000139
 0.084729 0.887867 0.007890 0.019514
 0.647948 0.193229 0.150934 0.007889
 0.000139 0.034685 0.965036 0.000139
 0.011764 0.987956 0.000140 0.000139
 0.649227 0.000140 0.228762 0.121871
 0.000139 0.027265 0.968582 0.004014
 0.046639 0.736414 0.104434 0.112513
 0.403826 0.154480 0.360181 0.081513
 0.199370 0.355647 0.429344 0.015639
 0.000139 0.891412 0.077310 0.031139

MOTIF 32-CCCGCCCCTCCC STREME-32
letter-probability matrix: alength= 4 w= 12 nsites= 275 E= 1.1e-001
 0.025492 0.946133 0.027543 0.000832
 0.022968 0.725868 0.161504 0.089660
 0.035782 0.900115 0.021207 0.042896
 0.009816 0.000207 0.977750 0.012226
 0.106208 0.851264 0.002230 0.040297
 0.011661 0.867629 0.091167 0.029544
 0.002583 0.905625 0.049832 0.041960
 0.045770 0.822848 0.111046 0.020336
 0.017921 0.000207 0.137411 0.844460
 0.005933 0.934324 0.013485 0.046258
 0.018800 0.840762 0.091357 0.049081
 0.030029 0.779143 0.173518 0.017310

MOTIF 33-CGGCSGCCG STREME-33
letter-probability matrix: alength= 4 w= 9 nsites= 356 E= 1.3e-001
 0.000464 0.998605 0.000467 0.000464
 0.000464 0.081919 0.917153 0.000464
 0.121631 0.111520 0.748855 0.017994
 0.051681 0.814073 0.059111 0.075135
 0.023654 0.476346 0.476346 0.023654
 0.075135 0.059111 0.814073 0.051681
 0.017994 0.748855 0.111520 0.121631
 0.000464 0.917153 0.081919 0.000464
 0.000464 0.000467 0.998605 0.000464

MOTIF 34-AGGAAGARR STREME-34
letter-probability matrix: alength= 4 w= 9 nsites= 576 E= 1.9e-001
 0.998831 0.000390 0.000390 0.000388
 0.000388 0.000390 0.998834 0.000388
 0.000388 0.000390 0.998834 0.000388
 0.998831 0.000390 0.000390 0.000388
 0.998831 0.000390 0.000390 0.000388
 0.000388 0.000390 0.998834 0.000388
 0.774595 0.000390 0.000390 0.224624
 0.491516 0.120639 0.258530 0.129315
 0.576973 0.000390 0.422249 0.000388

MOTIF 35-GCAGTGAGCCRAGA STREME-35
letter-probability matrix: alength= 4 w= 14 nsites= 140 E= 2.1e-001
 0.130484 0.000277 0.792369 0.076869
 0.007935 0.884282 0.015596 0.092188
 0.945555 0.000277 0.015596 0.038572
 0.053891 0.053893 0.845985 0.046231
 0.038572 0.023255 0.000277 0.937895
 0.069210 0.000277 0.922579 0.007935
 0.945555 0.023255 0.023255 0.007935
 0.026432 0.038574 0.934719 0.000275
 0.023253 0.899600 0.015596 0.061550
 0.000275 0.723436 0.007937 0.268352
 0.429199 0.000277 0.570248 0.000275
 0.715774 0.000277 0.000277 0.283672
 0.030913 0.000277 0.968535 0.000275
 0.999170 0.000277 0.000277 0.000275

MOTIF 36-GAGAGAGAGAGAGAA STREME-36
letter-probability matrix: alength= 4 w= 15 nsites= 119 E= 2.1e-001
 0.012271 0.000385 0.965707 0.021638
 0.983810 0.000385 0.015423 0.000382
 0.021638 0.000385 0.977596 0.000382
 0.856277 0.021640 0.100445 0.021638
 0.096032 0.138546 0.754412 0.011010
 0.956337 0.000385 0.042896 0.000382
 0.032265 0.000385 0.966968 0.000382
 0.966965 0.000385 0.021640 0.011010
 0.011010 0.000385 0.988224 0.000382
 0.935082 0.011013 0.053524 0.000382
 0.064149 0.011013 0.924457 0.000382
 0.881943 0.021640 0.053524 0.042893
 0.011010 0.000385 0.977596 0.011010
 0.966965 0.000385 0.032268 0.000382
 0.681821 0.132329 0.096035 0.089815

MOTIF 37-GGCAGAGGCAG STREME-37
letter-probability matrix: alength= 4 w= 11 nsites= 197 E= 2.4e-001
 0.000494 0.000497 0.998516 0.000494
 0.000494 0.000497 0.998516 0.000494
 0.055335 0.923616 0.000497 0.020552
 0.794090 0.055339 0.000497 0.150074
 0.000494 0.040530 0.958483 0.000494
 0.880157 0.029909 0.089440 0.000494
 0.026908 0.014228 0.880069 0.078794
 0.000494 0.000497 0.965093 0.033917
 0.035639 0.963370 0.000497 0.000494
 0.940417 0.023126 0.035964 0.000494
 0.000494 0.042671 0.873949 0.082886

MOTIF 38-CRGATCACG STREME-38
letter-probability matrix: alength= 4 w= 9 nsites= 92 E= 2.6e-001
 0.000550 0.998345 0.000554 0.000550
 0.379990 0.000554 0.618906 0.000550
 0.000550 0.000554 0.998345 0.000550
 0.998341 0.000554 0.000554 0.000550
 0.000550 0.000554 0.000554 0.998341
 0.000550 0.998345 0.000554 0.000550
 0.998341 0.000554 0.000554 0.000550
 0.000550 0.998345 0.000554 0.000550
 0.000550 0.000554 0.998345 0.000550

MOTIF 39-CCAAGGTCACACAG STREME-39
letter-probability matrix: alength= 4 w= 14 nsites= 118 E= 2.6e-001
 0.000300 0.882422 0.000302 0.116977
 0.008634 0.965763 0.000302 0.025302
 0.949093 0.025304 0.016970 0.008634
 0.907422 0.000302 0.066974 0.025302
 0.168586 0.016970 0.805810 0.008634
 0.055954 0.016970 0.926776 0.000300
 0.021629 0.075308 0.000302 0.902761
 0.008634 0.940761 0.033638 0.016968
 0.935694 0.005366 0.016970 0.041970
 0.025302 0.937302 0.000302 0.037095
 0.815747 0.100311 0.083643 0.000300
 0.016968 0.790747 0.108645 0.083640
 0.849084 0.000302 0.066974 0.083640
 0.041970 0.008636 0.940761 0.008634

MOTIF 40-CAGGARGCRG STREME-40
letter-probability matrix: alength= 4 w= 10 nsites= 551 E= 2.7e-001
 0.000241 0.999275 0.000243 0.000241
 0.902024 0.032561 0.065173 0.000241
 0.000241 0.000243 0.999275 0.000241
 0.000241 0.000243 0.999275 0.000241
 0.999273 0.000243 0.000243 0.000241
 0.572704 0.000243 0.426812 0.000241
 0.000241 0.032840 0.966678 0.000241
 0.000241 0.698272 0.000243 0.301244
 0.358861 0.051193 0.496967 0.092980
 0.105759 0.000243 0.893757 0.000241

MOTIF 41-AMAACAACAACAA STREME-41
letter-probability matrix: alength= 4 w= 13 nsites= 149 E= 4.0e-001
 0.837810 0.015245 0.086778 0.060167
 0.484294 0.462756 0.045194 0.007756
 0.868799 0.052681 0.048301 0.030218
 0.894368 0.045194 0.007758 0.052679
 0.000269 0.913089 0.011502 0.075141
 0.999189 0.000271 0.000271 0.000269
 0.974704 0.000271 0.009782 0.015243
 0.022731 0.874319 0.057758 0.045192
 0.943671 0.000271 0.007758 0.048299
 0.909343 0.000271 0.000271 0.090115
 0.015243 0.976729 0.000271 0.007756
 0.916830 0.045194 0.022733 0.015243
 0.976727 0.007758 0.015245 0.000269

MOTIF 42-CCCCTTCCCYBMC STREME-42
letter-probability matrix: alength= 4 w= 13 nsites= 303 E= 5.6e-001
 0.000150 0.732560 0.067024 0.200266
 0.000150 0.875766 0.000151 0.123934
 0.000150 0.885389 0.114312 0.000150
 0.000150 0.999550 0.000151 0.000150
 0.000150 0.000151 0.110148 0.889552
 0.138402 0.000151 0.000151 0.861296
 0.000150 0.999550 0.000151 0.000150
 0.000150 0.999550 0.000151 0.000150
 0.000150 0.999550 0.000151 0.000150
 0.171761 0.356482 0.041792 0.429965
 0.124366 0.387258 0.280125 0.208250
 0.279955 0.540143 0.135580 0.044322
 0.079055 0.811707 0.000151 0.109087

MOTIF 43-AATTTTTGT STREME-43
letter-probability matrix: alength= 4 w= 9 nsites= 337 E= 6.5e-001
 0.931736 0.022809 0.022809 0.022645
 0.931736 0.022809 0.022809 0.022645
 0.022645 0.022809 0.022809 0.931736
 0.022645 0.022809 0.022809 0.931736
 0.022645 0.022809 0.022809 0.931736
 0.022645 0.022809 0.022809 0.931736
 0.022645 0.022809 0.022809 0.931736
 0.022645 0.022809 0.931900 0.022645
 0.022645 0.022809 0.022809 0.931736

MOTIF 44-CCTCAGCCTCC STREME-44
letter-probability matrix: alength= 4 w= 11 nsites= 281 E= 6.7e-001
 0.000243 0.999268 0.000245 0.000243
 0.054741 0.833220 0.111795 0.000243
 0.000243 0.000245 0.040776 0.958736
 0.000243 0.931572 0.000245 0.067939
 0.730261 0.000245 0.089436 0.180057
 0.103480 0.000245 0.896031 0.000243
 0.000243 0.999268 0.000245 0.000243
 0.078463 0.744595 0.122372 0.054570
 0.000243 0.000245 0.000245 0.999267
 0.000243 0.907673 0.053928 0.038156
 0.000243 0.957348 0.042165 0.000243

MOTIF 45-CTTCCCTCTTCC STREME-45
letter-probability matrix: alength= 4 w= 12 nsites= 395 E= 7.4e-001
 0.011962 0.888677 0.052607 0.046754
 0.068528 0.057411 0.032583 0.841478
 0.045891 0.012085 0.000130 0.941895
 0.034848 0.931126 0.033897 0.000129
 0.057054 0.853022 0.021649 0.068275
 0.057646 0.734103 0.076325 0.131926
 0.101023 0.038972 0.048324 0.811682
 0.040763 0.806114 0.037565 0.115558
 0.039995 0.125765 0.021039 0.813200
 0.042662 0.075837 0.063321 0.818179
 0.053488 0.863113 0.053326 0.030073
 0.048657 0.897389 0.046836 0.007118

MOTIF 46-GAGGCTGGGGCDGG STREME-46
letter-probability matrix: alength= 4 w= 14 nsites= 250 E= 8.1e-001
 0.093946 0.092211 0.813693 0.000150
 0.701107 0.211427 0.008520 0.078945
 0.046180 0.008520 0.893199 0.052101
 0.119053 0.000151 0.880645 0.000150
 0.000150 0.999548 0.000151 0.000150
 0.000150 0.000151 0.325120 0.674578
 0.085577 0.012705 0.883093 0.018625
 0.077208 0.045470 0.837775 0.039548
 0.040354 0.000151 0.959345 0.000150
 0.000150 0.227140 0.722345 0.050364
 0.058022 0.788272 0.000151 0.153554
 0.382771 0.085578 0.234797 0.296853
 0.062918 0.067104 0.861459 0.008519
 0.008519 0.134056 0.857275 0.000150

MOTIF 47-GGGTCTCRCTA STREME-47
letter-probability matrix: alength= 4 w= 11 nsites= 170 E= 8.9e-001
 0.076503 0.000325 0.913876 0.009296
 0.000323 0.000325 0.963135 0.036218
 0.046520 0.000325 0.898990 0.054165
 0.027244 0.000325 0.000325 0.972106
 0.000323 0.999030 0.000325 0.000323
 0.045192 0.000325 0.018273 0.936211
 0.027244 0.651129 0.000325 0.321302
 0.575318 0.048653 0.375707 0.000323
 0.000323 0.959940 0.039415 0.000323
 0.000323 0.049538 0.018273 0.931867
 0.819440 0.106394 0.073843 0.000323

MOTIF 48-CCCCGCCCCGCCSGC STREME-48
letter-probability matrix: alength= 4 w= 15 nsites= 284 E= 9.7e-001
 0.007933 0.845994 0.138139 0.007933
 0.015726 0.641754 0.299517 0.043003
 0.007933 0.838201 0.153725 0.000140
 0.019623 0.764828 0.195926 0.019623
 0.000140 0.000141 0.960613 0.039106
 0.050796 0.867095 0.074176 0.007933
 0.011830 0.704100 0.280034 0.004037
 0.031313 0.789825 0.170929 0.007933
 0.019623 0.795339 0.184898 0.000140
 0.009550 0.015727 0.923926 0.050796
 0.015726 0.857684 0.099173 0.027416
 0.015726 0.769680 0.179384 0.035209
 0.011830 0.407004 0.577130 0.004037
 0.039106 0.217688 0.669031 0.074175
 0.000140 0.878784 0.109246 0.011830

MOTIF 49-CAGCCTGGGCAA STREME-49
letter-probability matrix: alength= 4 w= 12 nsites= 140 E= 1.0e+000
 0.019106 0.870508 0.027325 0.083061
 0.957791 0.000404 0.022699 0.019106
 0.005027 0.003416 0.924270 0.067287
 0.011548 0.976501 0.000404 0.011548
 0.000401 0.782363 0.089585 0.127651
 0.022696 0.000404 0.000404 0.976497
 0.044991 0.044994 0.898466 0.011548
 0.019106 0.054247 0.926246 0.000401
 0.049617 0.026325 0.901362 0.022696
 0.000401 0.960727 0.027325 0.011548
 0.845778 0.047139 0.095534 0.011548
 0.807831 0.024280 0.167488 0.000401

MOTIF 50-CACCACCACMHCC STREME-50
letter-probability matrix: alength= 4 w= 13 nsites= 174 E= 1.0e+000
 0.000219 0.901865 0.097697 0.000219
 0.945545 0.000221 0.012405 0.041829
 0.000219 0.944511 0.048958 0.006311
 0.000219 0.857727 0.141835 0.000219
 0.951637 0.018497 0.000221 0.029645
 0.000219 0.930680 0.048959 0.020142
 0.051485 0.829794 0.103789 0.014932
 0.860254 0.000221 0.036774 0.102752
 0.073326 0.780020 0.030682 0.115972
 0.308853 0.539437 0.061143 0.090567
 0.323067 0.199348 0.081948 0.395637
 0.088039 0.846921 0.012405 0.052635
 0.000219 0.953288 0.018497 0.027996

MOTIF 51-AAAACAAAA STREME-51
letter-probability matrix: alength= 4 w= 9 nsites= 235 E= 1.1e+000
 0.931736 0.022809 0.022809 0.022645
 0.931736 0.022809 0.022809 0.022645
 0.931736 0.022809 0.022809 0.022645
 0.931736 0.022809 0.022809 0.022645
 0.022645 0.931900 0.022809 0.022645
 0.931736 0.022809 0.022809 0.022645
 0.931736 0.022809 0.022809 0.022645
 0.931736 0.022809 0.022809 0.022645
 0.931736 0.022809 0.022809 0.022645

MOTIF 52-AGGAAGTYA STREME-52
letter-probability matrix: alength= 4 w= 9 nsites= 425 E= 1.2e+000
 0.998899 0.000368 0.000368 0.000365
 0.000365 0.062728 0.676307 0.260600
 0.000365 0.194407 0.804863 0.000365
 0.998899 0.000368 0.000368 0.000365
 0.998899 0.000368 0.000368 0.000365
 0.000365 0.000368 0.998902 0.000365
 0.000365 0.000368 0.000368 0.998899
 0.000365 0.567642 0.000368 0.431625
 0.758067 0.000368 0.241199 0.000365

MOTIF 53-GAAATGAAGAAA STREME-53
letter-probability matrix: alength= 4 w= 12 nsites= 318 E= 1.3e+000
 0.119088 0.133331 0.645702 0.101879
 0.831433 0.063029 0.101028 0.004511
 0.778486 0.036978 0.079770 0.104766
 0.939945 0.028093 0.016935 0.015028
 0.000157 0.078541 0.000158 0.921145
 0.004511 0.002511 0.990175 0.002802
 0.889946 0.056012 0.000563 0.053479
 0.912447 0.036062 0.000158 0.051333
 0.000157 0.071416 0.844536 0.083892
 0.704092 0.055334 0.087210 0.153364
 0.788729 0.104766 0.059205 0.047300
 0.718356 0.085348 0.151141 0.045155

MOTIF 54-CTTCCTCWTC STREME-54
letter-probability matrix: alength= 4 w= 10 nsites= 507 E= 1.4e+000
 0.000276 0.870581 0.000278 0.128866
 0.077548 0.000278 0.112483 0.809692
 0.000276 0.000278 0.000278 0.999169
 0.000276 0.950584 0.000278 0.048862
 0.159761 0.773618 0.066345 0.000276
 0.000276 0.139092 0.000278 0.860355
 0.000276 0.972752 0.000278 0.026695
 0.543235 0.000278 0.029393 0.427095
 0.000276 0.165570 0.000278 0.833877
 0.000276 0.999171 0.000278 0.000276

MOTIF 55-GGAAGGAAGGAG STREME-55
letter-probability matrix: alength= 4 w= 12 nsites= 459 E= 1.6e+000
 0.127280 0.000101 0.864180 0.008439
 0.021814 0.009830 0.900184 0.068171
 0.787444 0.168982 0.027267 0.016307
 0.936257 0.001254 0.041299 0.021190
 0.000100 0.000101 0.999700 0.000100
 0.000100 0.034675 0.962345 0.002880
 0.844393 0.000101 0.097683 0.057823
 0.873194 0.013929 0.112777 0.000100
 0.011327 0.023493 0.959520 0.005660
 0.154178 0.075764 0.691605 0.078454
 0.758906 0.024088 0.201616 0.015389
 0.291286 0.041909 0.630702 0.036104

MOTIF 56-GAATGAATGAATGAA STREME-56
letter-probability matrix: alength= 4 w= 15 nsites= 176 E= 1.9e+000
 0.083265 0.019393 0.833239 0.064103
 0.833237 0.006619 0.140753 0.019392
 0.871561 0.019393 0.051330 0.057716
 0.019392 0.019393 0.006619 0.954596
 0.102427 0.019393 0.839626 0.038554
 0.897110 0.044943 0.051330 0.006617
 0.903498 0.025781 0.057717 0.013004
 0.013004 0.025781 0.000231 0.960984
 0.115202 0.019393 0.756590 0.108815
 0.852399 0.051330 0.089654 0.006617
 0.839624 0.044943 0.076880 0.038554
 0.032166 0.057717 0.015657 0.894459
 0.096040 0.006619 0.846013 0.051328
 0.826849 0.025781 0.064105 0.083265
 0.769363 0.019393 0.076880 0.134364

MOTIF 57-CTCCCACC STREME-57
letter-probability matrix: alength= 4 w= 8 nsites= 402 E= 2.0e+000
 0.022645 0.931900 0.022809 0.022645
 0.022645 0.022809 0.022809 0.931736
 0.022645 0.931900 0.022809 0.022645
 0.022645 0.931900 0.022809 0.022645
 0.022645 0.931900 0.022809 0.022645
 0.931736 0.022809 0.022809 0.022645
 0.022645 0.931900 0.022809 0.022645
 0.022645 0.931900 0.022809 0.022645

MOTIF 58-AAAATAAAAATT STREME-58
letter-probability matrix: alength= 4 w= 12 nsites= 459 E= 2.0e+000
 0.902088 0.044431 0.016173 0.037308
 0.818656 0.030127 0.049128 0.102089
 0.761164 0.075811 0.078318 0.084707
 0.915525 0.027701 0.048955 0.007818
 0.045682 0.007991 0.004745 0.941582
 0.919319 0.039967 0.024598 0.016116
 0.812464 0.058789 0.066961 0.061786
 0.765302 0.059577 0.081239 0.093881
 0.786098 0.106225 0.067633 0.040044
 0.880242 0.062656 0.056595 0.000506
 0.031352 0.043953 0.066729 0.857967
 0.052932 0.048300 0.020904 0.877863

MOTIF 59-GGGTTTTGCCA STREME-59
letter-probability matrix: alength= 4 w= 11 nsites= 52 E= 2.1e+000
 0.022645 0.022809 0.931900 0.022645
 0.022645 0.022809 0.931900 0.022645
 0.022645 0.022809 0.931900 0.022645
 0.022645 0.022809 0.022809 0.931736
 0.022645 0.022809 0.022809 0.931736
 0.022645 0.022809 0.022809 0.931736
 0.022645 0.022809 0.022809 0.931736
 0.022645 0.022809 0.931900 0.022645
 0.022645 0.931900 0.022809 0.022645
 0.022645 0.931900 0.022809 0.022645
 0.931736 0.022809 0.022809 0.022645

MOTIF 60-AATCCCAGCACTTTG STREME-60
letter-probability matrix: alength= 4 w= 15 nsites= 87 E= 2.1e+000
 0.886351 0.050362 0.037884 0.025403
 0.873873 0.062839 0.000452 0.062836
 0.075313 0.012929 0.012929 0.898828
 0.037881 0.886354 0.025407 0.050358
 0.000448 0.936264 0.062839 0.000448
 0.000448 0.911309 0.000452 0.087791
 0.986171 0.000452 0.000452 0.012926
 0.087791 0.000452 0.886354 0.025403
 0.012926 0.936264 0.000452 0.050358
 0.936261 0.012929 0.037884 0.012926
 0.025403 0.973696 0.000452 0.000448
 0.000448 0.050362 0.000452 0.948738
 0.000448 0.025407 0.000452 0.973693
 0.000448 0.012929 0.000452 0.986171
 0.025403 0.000452 0.973696 0.000448

MOTIF 61-ATTTTATTTTAAAA STREME-61
letter-probability matrix: alength= 4 w= 14 nsites= 680 E= 2.2e+000
 0.758344 0.023828 0.082876 0.134952
 0.164465 0.101722 0.042017 0.691795
 0.051322 0.039585 0.078816 0.830277
 0.192213 0.053333 0.077098 0.677357
 0.095950 0.051468 0.022401 0.830180
 0.987072 0.000062 0.012804 0.000062
 0.028415 0.043443 0.002494 0.925648
 0.062637 0.026551 0.010373 0.900439
 0.081872 0.012804 0.012091 0.893232
 0.150800 0.029435 0.057190 0.762575
 0.569647 0.045454 0.113734 0.271166
 0.746590 0.046167 0.055764 0.151479
 0.780589 0.022401 0.012804 0.184205
 0.764810 0.036862 0.004212 0.194116

MOTIF 62-AATAAATGTT STREME-62
letter-probability matrix: alength= 4 w= 10 nsites= 336 E= 2.4e+000
 0.998697 0.000436 0.000436 0.000432
 0.708173 0.040810 0.151855 0.099163
 0.000432 0.000436 0.000436 0.998697
 0.931140 0.000436 0.035506 0.032918
 0.950097 0.049035 0.000436 0.000432
 0.944998 0.000436 0.000436 0.054131
 0.000432 0.000436 0.000436 0.998697
 0.085349 0.000436 0.913783 0.000432
 0.091628 0.099628 0.000436 0.808308
 0.077063 0.063257 0.000436 0.859245

MOTIF 63-TTAAAAAAAAAAA STREME-63
letter-probability matrix: alength= 4 w= 13 nsites= 241 E= 2.4e+000
 0.000254 0.047789 0.000256 0.951701
 0.035891 0.014789 0.000256 0.949063
 0.992169 0.000256 0.007322 0.000254
 0.973309 0.000256 0.026181 0.000254
 0.973739 0.025751 0.000256 0.000254
 0.926156 0.014390 0.045066 0.014388
 0.945886 0.053604 0.000256 0.000254
 0.909117 0.076398 0.014231 0.000254
 0.836242 0.131160 0.011143 0.021456
 0.854444 0.033317 0.066793 0.045447
 0.858684 0.124876 0.012366 0.004074
 0.901590 0.083862 0.000256 0.014293
 0.894257 0.036431 0.029521 0.039791

MOTIF 64-CCCTGCCCCG STREME-64
letter-probability matrix: alength= 4 w= 10 nsites= 404 E= 3.3e+000
 0.012225 0.949662 0.018042 0.020071
 0.004435 0.965517 0.004378 0.025671
 0.056249 0.926816 0.015715 0.001221
 0.049515 0.021491 0.109598 0.819396
 0.004439 0.105606 0.883571 0.006383
 0.006738 0.942965 0.017633 0.032665
 0.033016 0.923977 0.026521 0.016486
 0.002303 0.942659 0.017292 0.037746
 0.015252 0.894495 0.006273 0.083980
 0.027532 0.062570 0.842617 0.067281

MOTIF 65-CTCCTGGGCTCAAGC STREME-65
letter-probability matrix: alength= 4 w= 15 nsites= 87 E= 4.2e+000
 0.022338 0.900070 0.033312 0.044281
 0.000394 0.000397 0.033312 0.965896
 0.011366 0.878126 0.033312 0.077196
 0.033309 0.900070 0.000397 0.066224
 0.022338 0.088170 0.000397 0.889095
 0.132054 0.000397 0.812297 0.055252
 0.066224 0.011369 0.911041 0.011366
 0.000394 0.143028 0.856183 0.000394
 0.022338 0.856183 0.000397 0.121082
 0.011366 0.011369 0.011369 0.965896
 0.011366 0.943956 0.011369 0.033309
 0.779379 0.088170 0.088170 0.044281
 0.878124 0.011369 0.088170 0.022338
 0.000394 0.022340 0.976871 0.000394
 0.044281 0.559950 0.175943 0.219827

MOTIF 66-ATTTTTTAAAAAT STREME-66
letter-probability matrix: alength= 4 w= 13 nsites= 184 E= 1.0e+001
 0.960979 0.004155 0.016628 0.018238
 0.021335 0.054249 0.035177 0.889238
 0.097028 0.057981 0.054537 0.790455
 0.091819 0.048684 0.064216 0.795281
 0.097029 0.077671 0.041630 0.783670
 0.041629 0.051859 0.046006 0.860507
 0.000232 0.020836 0.000234 0.978698
 0.915358 0.029325 0.038952 0.016365
 0.869754 0.035177 0.037855 0.057213
 0.900923 0.058312 0.009365 0.031401
 0.888565 0.050762 0.022271 0.038402
 0.866867 0.071912 0.038952 0.022269
 0.026004 0.020835 0.042179 0.910982

MOTIF 67-CACGCCTGTAATCCC STREME-67
letter-probability matrix: alength= 4 w= 15 nsites= 69 E= 1.3e+001
 0.032243 0.887431 0.032247 0.048079
 0.871590 0.016410 0.111431 0.000569
 0.000569 0.697390 0.032247 0.269794
 0.206447 0.016410 0.729064 0.048079
 0.032243 0.855758 0.016410 0.095590
 0.016406 0.966615 0.000573 0.016406
 0.016406 0.000573 0.000573 0.982447
 0.048079 0.016410 0.919105 0.016406
 0.000569 0.016410 0.016410 0.966611
 0.934937 0.016410 0.048084 0.000569
 0.855753 0.000573 0.095594 0.048079
 0.000569 0.048084 0.016410 0.934937
 0.016406 0.903268 0.032247 0.048079
 0.016406 0.934941 0.016410 0.032243
 0.032243 0.903268 0.016410 0.048079

********************************************************************************
Stopped because 3 consecutive motifs exceeded the p-value threshold (0.05).
********************************************************************************
COMMAND:	streme --verbosity 1 --oc . --dna --totallength 4000000 --time 14400 --minw 8 --maxw 15 --thresh 0.05 --align center --dfile description --p dyn_H3K27ac.bed.fa
********************************************************************************
CPU:		noble-meme.grid.gs.washington.edu
********************************************************************************
FINALTIME:	4223.19 seconds
********************************************************************************
