********************************************************************************
STREME - Sensitive, Thorough, Rapid, Enriched Motif Elicitation
********************************************************************************
MEME version 5.5.2 (Release date: Sun Jan 29 10:33:12 2023 -0800)

For further information on how to interpret these results please access https://meme-suite.org/meme.
To get a copy of the MEME Suite software please access https://meme-suite.org.

********************************************************************************


********************************************************************************
REFERENCE
********************************************************************************
If you use this program in your research, please cite:

Timothy L. Bailey,
"STREME: accurate and versatile sequence motif discovery",
Bioinformatics, Mar. 24, 2021.
********************************************************************************


ALPHABET= ACGT

strands: + -

Background letter frequencies
A 0.212 C 0.288 G 0.288 T 0.212 

MOTIF 1-CCTCAGCCTCCCGAG STREME-1
letter-probability matrix: alength= 4 w= 15 nsites= 71 E= 2.8e-002
 0.017152 0.948354 0.000717 0.033777
 0.000526 0.915104 0.017343 0.067027
 0.000526 0.000717 0.000717 0.998039
 0.000526 0.998230 0.000717 0.000526
 0.881662 0.000717 0.067218 0.050402
 0.000526 0.000717 0.998230 0.000526
 0.000526 0.931729 0.000717 0.067027
 0.000526 0.998230 0.000717 0.000526
 0.000526 0.000717 0.000717 0.998039
 0.000526 0.981605 0.000717 0.017152
 0.000526 0.981605 0.017343 0.000526
 0.017152 0.748852 0.033968 0.200029
 0.233279 0.050593 0.682351 0.033777
 0.865037 0.000717 0.133719 0.000526
 0.083652 0.017343 0.865228 0.033777

MOTIF 2-CTGGGATTACAGGC STREME-2
letter-probability matrix: alength= 4 w= 14 nsites= 76 E= 2.8e-002
 0.000564 0.980294 0.000769 0.018373
 0.000564 0.000769 0.000769 0.997899
 0.036183 0.000769 0.962485 0.000564
 0.018373 0.000769 0.980294 0.000564
 0.036183 0.018578 0.944675 0.000564
 0.962280 0.000769 0.018578 0.018373
 0.000564 0.072007 0.018578 0.908851
 0.000564 0.036388 0.000769 0.962280
 0.997899 0.000769 0.000769 0.000564
 0.000564 0.926865 0.000769 0.071802
 0.997899 0.000769 0.000769 0.000564
 0.018373 0.000769 0.980294 0.000564
 0.143040 0.000769 0.837818 0.018373
 0.036183 0.837818 0.000769 0.125231

MOTIF 3-CCGCCGCCGCCKC STREME-3
letter-probability matrix: alength= 4 w= 13 nsites= 107 E= 2.8e-002
 0.029250 0.796364 0.096897 0.077490
 0.009954 0.941085 0.010064 0.038898
 0.009954 0.019712 0.970029 0.000305
 0.009954 0.970029 0.019712 0.000305
 0.019602 0.979677 0.000416 0.000305
 0.029250 0.010064 0.825308 0.135378
 0.000305 0.966113 0.000416 0.033166
 0.009954 0.818950 0.135489 0.035608
 0.038898 0.000416 0.960381 0.000305
 0.019602 0.931437 0.000416 0.048546
 0.000305 0.953600 0.039008 0.007086
 0.019602 0.055708 0.467012 0.457679
 0.000305 0.960381 0.039008 0.000305

MOTIF 4-ACTCCTGACCTCARG STREME-4
letter-probability matrix: alength= 4 w= 15 nsites= 61 E= 5.7e-002
 0.932438 0.000935 0.000935 0.065692
 0.000686 0.932687 0.000935 0.065692
 0.022355 0.000935 0.000935 0.975775
 0.000686 0.954355 0.022604 0.022355
 0.000686 0.954355 0.022604 0.022355
 0.000686 0.000935 0.000935 0.997444
 0.000686 0.000935 0.997693 0.000686
 0.780757 0.022604 0.195953 0.000686
 0.044023 0.781006 0.130947 0.044023
 0.000686 0.932687 0.022604 0.044023
 0.000686 0.000935 0.000935 0.997444
 0.000686 0.954355 0.000935 0.044023
 0.867432 0.000935 0.130947 0.000686
 0.455728 0.000935 0.325965 0.217373
 0.022355 0.000935 0.976024 0.000686

MOTIF 5-CCACCAYGCCCGGCT STREME-5
letter-probability matrix: alength= 4 w= 15 nsites= 75 E= 9.2e-002
 0.000554 0.980639 0.000755 0.018052
 0.018052 0.963141 0.018253 0.000554
 0.980438 0.000755 0.000755 0.018052
 0.053048 0.945643 0.000755 0.000554
 0.000554 0.998137 0.000755 0.000554
 0.875450 0.035751 0.088245 0.000554
 0.000554 0.490697 0.000755 0.507994
 0.158035 0.000755 0.840656 0.000554
 0.053048 0.875651 0.035751 0.035550
 0.018052 0.963141 0.018253 0.000554
 0.000554 0.700672 0.035751 0.263023
 0.263023 0.000755 0.700672 0.035550
 0.018052 0.018253 0.945643 0.018052
 0.053048 0.910647 0.018253 0.018052
 0.035550 0.140739 0.000755 0.822957

MOTIF 6-AAATAAABAAATAAA STREME-6
letter-probability matrix: alength= 4 w= 15 nsites= 61 E= 1.7e-001
 0.897064 0.000624 0.087392 0.014919
 0.911526 0.000624 0.029547 0.058303
 0.868141 0.044008 0.044008 0.043842
 0.014919 0.029547 0.087392 0.868141
 0.810296 0.044008 0.101854 0.043842
 0.810296 0.116315 0.000624 0.072765
 0.824757 0.087392 0.087392 0.000458
 0.058303 0.260929 0.232006 0.448761
 0.795834 0.058470 0.087392 0.058303
 0.839219 0.058470 0.015085 0.087226
 0.911526 0.000624 0.058470 0.029381
 0.072765 0.174161 0.029547 0.723528
 0.781373 0.087392 0.072931 0.058303
 0.824757 0.087392 0.072931 0.014919
 0.709066 0.087392 0.101854 0.101688

MOTIF 7-AAAAAAAAAAAAASA STREME-7
letter-probability matrix: alength= 4 w= 15 nsites= 113 E= 1.9e-001
 0.947240 0.031371 0.010754 0.010635
 0.947240 0.051989 0.000445 0.000326
 0.926622 0.010754 0.062298 0.000326
 0.782299 0.124151 0.093224 0.000326
 0.967857 0.010754 0.000445 0.020944
 0.947240 0.000445 0.041680 0.010635
 0.998784 0.000445 0.000445 0.000326
 0.844152 0.051989 0.103533 0.000326
 0.802916 0.134459 0.062298 0.000326
 0.988475 0.000445 0.010754 0.000326
 0.998784 0.000445 0.000445 0.000326
 0.936931 0.010754 0.000445 0.051870
 0.963673 0.000445 0.021062 0.014819
 0.190512 0.268474 0.478835 0.062179
 0.888658 0.010754 0.000445 0.100144

MOTIF 8-WTATTAATAW STREME-8
letter-probability matrix: alength= 4 w= 10 nsites= 95 E= 1.9e-001
 0.566307 0.077073 0.070697 0.285923
 0.115815 0.013304 0.000550 0.870331
 0.854523 0.017101 0.127973 0.000404
 0.229790 0.000550 0.000550 0.769109
 0.158436 0.000550 0.013304 0.827709
 0.827709 0.013304 0.000550 0.158436
 0.769109 0.000550 0.000550 0.229790
 0.000404 0.127973 0.017101 0.854523
 0.870331 0.000550 0.013304 0.115815
 0.285923 0.070697 0.077073 0.566307

MOTIF 9-GAGGGAGGGAGGGAR STREME-9
letter-probability matrix: alength= 4 w= 15 nsites= 98 E= 2.3e-001
 0.000380 0.012513 0.986728 0.000380
 0.724955 0.137333 0.137333 0.000380
 0.233156 0.000518 0.765947 0.000380
 0.036365 0.084483 0.866777 0.012375
 0.036365 0.048498 0.902762 0.012375
 0.986590 0.000518 0.000518 0.012375
 0.108336 0.000518 0.890767 0.000380
 0.024370 0.024508 0.950742 0.000380
 0.168311 0.024508 0.806801 0.000380
 0.842649 0.108474 0.036503 0.012375
 0.233156 0.000518 0.753952 0.012375
 0.000380 0.012513 0.902762 0.084346
 0.089214 0.180444 0.729962 0.000380
 0.576145 0.089352 0.252415 0.082088
 0.461063 0.036503 0.478064 0.024370

MOTIF 10-CGGGGCCGGGGCC STREME-10
letter-probability matrix: alength= 4 w= 13 nsites= 96 E= 2.3e-001
 0.014752 0.963956 0.020967 0.000325
 0.000325 0.020967 0.974218 0.004490
 0.061897 0.071384 0.841704 0.025014
 0.041373 0.092802 0.840811 0.025014
 0.031111 0.076443 0.820286 0.072160
 0.082422 0.834714 0.072277 0.010587
 0.029180 0.924839 0.014870 0.031111
 0.041373 0.061828 0.875949 0.020849
 0.041373 0.127753 0.801694 0.029180
 0.061897 0.025132 0.883790 0.029180
 0.035276 0.032267 0.860297 0.072160
 0.072160 0.798176 0.053340 0.076325
 0.035276 0.892121 0.031229 0.041373

MOTIF 11-ACACACACACACA STREME-11
letter-probability matrix: alength= 4 w= 13 nsites= 86 E= 3.1e-001
 0.922802 0.000545 0.051017 0.025636
 0.164436 0.796766 0.038399 0.000400
 0.897566 0.025781 0.076254 0.000400
 0.063490 0.935566 0.000545 0.000400
 0.809239 0.000545 0.114108 0.076109
 0.113963 0.847238 0.000545 0.038254
 0.998511 0.000545 0.000545 0.000400
 0.000400 0.885093 0.038399 0.076109
 0.922802 0.000545 0.076254 0.000400
 0.240145 0.544402 0.063635 0.151818
 0.833199 0.090148 0.063635 0.013018
 0.000400 0.973420 0.025781 0.000400
 0.782726 0.178475 0.038399 0.000400

MOTIF 12-GCAGTGAGCCRAGAT STREME-12
letter-probability matrix: alength= 4 w= 15 nsites= 54 E= 4.5e-001
 0.000686 0.000935 0.997693 0.000686
 0.000686 0.911018 0.000935 0.087361
 0.997444 0.000935 0.000935 0.000686
 0.000686 0.000935 0.997693 0.000686
 0.000686 0.000935 0.000935 0.997444
 0.022355 0.000935 0.976024 0.000686
 0.954106 0.022604 0.022604 0.000686
 0.044023 0.000935 0.954355 0.000686
 0.000686 0.997693 0.000935 0.000686
 0.022355 0.694332 0.000935 0.282378
 0.347384 0.022604 0.607657 0.022355
 0.802426 0.000935 0.044272 0.152367
 0.000686 0.044272 0.954355 0.000686
 0.910769 0.044272 0.044272 0.000686
 0.000686 0.044272 0.000935 0.954106

MOTIF 13-GTAGAGACRGGGTT STREME-13
letter-probability matrix: alength= 4 w= 14 nsites= 61 E= 4.5e-001
 0.071802 0.000769 0.909056 0.018373
 0.000564 0.000769 0.000769 0.997899
 0.944470 0.000769 0.036388 0.018373
 0.000564 0.000769 0.962485 0.036183
 0.926661 0.000769 0.018578 0.053993
 0.018373 0.018578 0.962485 0.000564
 0.980089 0.018578 0.000769 0.000564
 0.053993 0.624103 0.018578 0.303326
 0.321136 0.036388 0.641913 0.000564
 0.160850 0.036388 0.766579 0.036183
 0.000564 0.000769 0.998104 0.000564
 0.143040 0.000769 0.766579 0.089612
 0.000564 0.036388 0.072007 0.891042
 0.018373 0.072007 0.018578 0.891042

MOTIF 14-CGCCCCCGCCCCGC STREME-14
letter-probability matrix: alength= 4 w= 14 nsites= 140 E= 5.7e-001
 0.027370 0.917562 0.034393 0.020675
 0.000216 0.013934 0.965175 0.020675
 0.047954 0.689039 0.112758 0.150250
 0.000216 0.873751 0.118998 0.007036
 0.034315 0.887390 0.057620 0.020675
 0.007036 0.853416 0.112054 0.027495
 0.027495 0.828781 0.136689 0.007036
 0.027495 0.009882 0.888674 0.073949
 0.041134 0.815141 0.088951 0.054774
 0.000216 0.853292 0.112178 0.034315
 0.013855 0.903798 0.061672 0.020675
 0.047954 0.794806 0.109410 0.047830
 0.075233 0.132637 0.771455 0.020675
 0.054774 0.777695 0.105938 0.061593

MOTIF 15-TAAAAATACAA STREME-15
letter-probability matrix: alength= 4 w= 11 nsites= 68 E= 5.7e-001
 0.000535 0.017636 0.000730 0.981099
 0.981099 0.000730 0.017636 0.000535
 0.913474 0.034542 0.034542 0.017442
 0.964193 0.017636 0.017636 0.000535
 0.998006 0.000730 0.000730 0.000535
 0.879662 0.085261 0.034542 0.000535
 0.000535 0.034542 0.000730 0.964193
 0.964193 0.000730 0.034542 0.000535
 0.000535 0.846043 0.135980 0.017442
 0.896568 0.000730 0.000730 0.101973
 0.828943 0.000730 0.119074 0.051254

MOTIF 16-CCAGCCTGGGYGACA STREME-16
letter-probability matrix: alength= 4 w= 15 nsites= 65 E= 9.1e-001
 0.000631 0.898175 0.060681 0.040512
 0.000631 0.977936 0.000861 0.020572
 0.917886 0.020801 0.000861 0.060452
 0.040512 0.020801 0.938056 0.000631
 0.000631 0.977936 0.000861 0.020572
 0.000631 0.977936 0.000861 0.020572
 0.020572 0.020801 0.020801 0.937827
 0.000631 0.020801 0.957996 0.020572
 0.020572 0.000861 0.957996 0.020572
 0.040512 0.040741 0.918115 0.000631
 0.060452 0.359786 0.020801 0.558960
 0.120273 0.040741 0.818414 0.020572
 0.957767 0.000861 0.020801 0.020572
 0.000631 0.997877 0.000861 0.000631
 0.957767 0.000861 0.000861 0.040512

MOTIF 17-AGCAGCAGCAGCAG STREME-17
letter-probability matrix: alength= 4 w= 14 nsites= 56 E= 9.1e-001
 0.878006 0.040741 0.060681 0.020572
 0.040512 0.040741 0.918115 0.000631
 0.020572 0.977936 0.000861 0.000631
 0.858065 0.040741 0.040741 0.060452
 0.000631 0.040741 0.918115 0.040512
 0.040512 0.938056 0.020801 0.000631
 0.897946 0.020801 0.040741 0.040512
 0.060452 0.000861 0.898175 0.040512
 0.020572 0.938056 0.020801 0.020572
 0.738423 0.060681 0.080622 0.120273
 0.040512 0.020801 0.898175 0.040512
 0.080393 0.918115 0.000861 0.000631
 0.758364 0.140443 0.040741 0.060452
 0.020572 0.060681 0.878235 0.040512

MOTIF 18-AGAAAGAAAGAAAG STREME-18
letter-probability matrix: alength= 4 w= 14 nsites= 73 E= 9.1e-001
 0.870021 0.000615 0.128912 0.000451
 0.200025 0.029126 0.656356 0.114493
 0.941297 0.000615 0.057636 0.000451
 0.969808 0.000615 0.029126 0.000451
 0.656192 0.043381 0.242954 0.057472
 0.071728 0.071891 0.855930 0.000451
 0.898532 0.071891 0.029126 0.000451
 0.713213 0.214444 0.029126 0.043217
 0.855766 0.014870 0.043381 0.085983
 0.028962 0.214444 0.727633 0.028962
 0.755979 0.057636 0.157423 0.028962
 0.927042 0.014870 0.014870 0.043217
 0.898532 0.043381 0.043381 0.014707
 0.000451 0.200189 0.741888 0.057472

MOTIF 19-CTCCTCCTCCCCG STREME-19
letter-probability matrix: alength= 4 w= 13 nsites= 95 E= 9.1e-001
 0.000352 0.976561 0.011607 0.011480
 0.033734 0.000480 0.100422 0.865363
 0.011480 0.965434 0.000480 0.022607
 0.000352 0.876416 0.122880 0.000352
 0.138395 0.000480 0.149651 0.711474
 0.000352 0.926517 0.072778 0.000352
 0.022607 0.865288 0.067244 0.044861
 0.000352 0.000480 0.000480 0.998687
 0.000352 0.831907 0.134007 0.033734
 0.000352 0.965434 0.011607 0.022607
 0.000352 0.816005 0.069293 0.114350
 0.000352 0.685204 0.267534 0.046910
 0.145006 0.092223 0.702468 0.060302

MOTIF 20-CAAGCGATYCTCC STREME-20
letter-probability matrix: alength= 4 w= 13 nsites= 44 E= 9.1e-001
 0.020169 0.919716 0.020394 0.039720
 0.978143 0.000844 0.020394 0.000619
 0.958593 0.039945 0.000844 0.000619
 0.000619 0.000844 0.978368 0.020169
 0.000619 0.606909 0.118147 0.274326
 0.274326 0.059495 0.665560 0.000619
 0.997694 0.000844 0.000844 0.000619
 0.000619 0.118147 0.000844 0.880391
 0.020169 0.333202 0.020394 0.626234
 0.000619 0.880615 0.000844 0.117922
 0.000619 0.000844 0.020394 0.978143
 0.039720 0.861065 0.000844 0.098371
 0.000619 0.919716 0.000844 0.078821

MOTIF 21-GCCTCAGTTTCCC STREME-21
letter-probability matrix: alength= 4 w= 13 nsites= 41 E= 9.1e-001
 0.162046 0.090690 0.746320 0.000944
 0.042841 0.954929 0.001286 0.000944
 0.000944 0.937224 0.060889 0.000944
 0.000944 0.001286 0.001286 0.996484
 0.000944 0.996827 0.001286 0.000944
 0.787875 0.001286 0.209896 0.000944
 0.000944 0.001286 0.877621 0.120149
 0.000944 0.060889 0.001286 0.936882
 0.030745 0.001286 0.001286 0.966683
 0.000944 0.090690 0.031087 0.877279
 0.000944 0.996827 0.001286 0.000944
 0.030745 0.847820 0.001286 0.120149
 0.000944 0.758416 0.001286 0.239354

MOTIF 22-TCRAGACCAGCCT STREME-22
letter-probability matrix: alength= 4 w= 13 nsites= 36 E= 9.1e-001
 0.001166 0.001589 0.001589 0.995655
 0.001166 0.848746 0.001589 0.148498
 0.369495 0.001589 0.627749 0.001166
 0.995655 0.001589 0.001589 0.001166
 0.001166 0.001589 0.996078 0.001166
 0.995655 0.001589 0.001589 0.001166
 0.001166 0.996078 0.001589 0.001166
 0.001166 0.996078 0.001589 0.001166
 0.995655 0.001589 0.001589 0.001166
 0.037999 0.038422 0.738248 0.185331
 0.037999 0.848746 0.038422 0.074832
 0.001166 0.996078 0.001589 0.001166
 0.001166 0.001589 0.001589 0.995655

MOTIF 23-AGTGCAGTGGC STREME-23
letter-probability matrix: alength= 4 w= 11 nsites= 40 E= 9.1e-001
 0.937980 0.059829 0.001264 0.000927
 0.000927 0.001264 0.996882 0.000927
 0.000927 0.001264 0.001264 0.996545
 0.147342 0.001264 0.850468 0.000927
 0.000927 0.967599 0.001264 0.030210
 0.937980 0.059829 0.001264 0.000927
 0.030210 0.001264 0.938316 0.030210
 0.000927 0.001264 0.001264 0.996545
 0.088776 0.001264 0.909033 0.000927
 0.059493 0.001264 0.938316 0.000927
 0.000927 0.996882 0.001264 0.000927

MOTIF 24-ACGTGACC STREME-24
letter-probability matrix: alength= 4 w= 8 nsites= 26 E= 9.1e-001
 0.928327 0.026218 0.026218 0.019236
 0.019236 0.935309 0.026218 0.019236
 0.019236 0.026218 0.935309 0.019236
 0.019236 0.026218 0.026218 0.928327
 0.019236 0.026218 0.935309 0.019236
 0.928327 0.026218 0.026218 0.019236
 0.019236 0.935309 0.026218 0.019236
 0.019236 0.935309 0.026218 0.019236

MOTIF 25-CCCAGCCCGG STREME-25
letter-probability matrix: alength= 4 w= 10 nsites= 130 E= 9.5e-001
 0.008746 0.924225 0.039374 0.027655
 0.014966 0.927881 0.056641 0.000512
 0.032665 0.792439 0.109687 0.065209
 0.868615 0.050048 0.061766 0.019571
 0.009863 0.037344 0.932017 0.020776
 0.023242 0.921913 0.033753 0.021092
 0.010952 0.911829 0.037111 0.040108
 0.034644 0.954197 0.004032 0.007126
 0.084684 0.034798 0.880006 0.000512
 0.018579 0.022021 0.941078 0.018322

MOTIF 26-CCCCACCCCCACCCC STREME-26
letter-probability matrix: alength= 4 w= 15 nsites= 175 E= 1.3e+000
 0.048513 0.866471 0.030462 0.054554
 0.090795 0.749254 0.078784 0.081166
 0.018312 0.902713 0.018381 0.060594
 0.006232 0.920833 0.072744 0.000191
 0.860361 0.000261 0.115026 0.024352
 0.000191 0.938954 0.000261 0.060594
 0.012272 0.878551 0.084824 0.024352
 0.133077 0.809657 0.018381 0.038885
 0.066634 0.830229 0.036502 0.066634
 0.000191 0.926874 0.066704 0.006232
 0.534187 0.024422 0.247912 0.193480
 0.060594 0.642981 0.096905 0.199520
 0.048513 0.878551 0.024422 0.048513
 0.090795 0.767375 0.090865 0.050965
 0.078715 0.836270 0.054623 0.030393

MOTIF 27-AGACGGAGTCTCGCT STREME-27
letter-probability matrix: alength= 4 w= 15 nsites= 47 E= 1.8e+000
 0.933871 0.043333 0.022124 0.000672
 0.021881 0.022124 0.955324 0.000672
 0.955080 0.022124 0.022124 0.000672
 0.021881 0.785651 0.043333 0.149135
 0.318808 0.000915 0.658397 0.021881
 0.021881 0.000915 0.955324 0.021881
 0.806616 0.064542 0.128170 0.000672
 0.043090 0.022124 0.934114 0.000672
 0.021881 0.043333 0.064542 0.870244
 0.000672 0.764442 0.043333 0.191553
 0.000672 0.022124 0.022124 0.955080
 0.000672 0.658397 0.022124 0.318808
 0.233971 0.043333 0.679606 0.043090
 0.000672 0.891696 0.064542 0.043090
 0.000672 0.043333 0.000915 0.955080

MOTIF 28-CAGCCCCCAGCCC STREME-28
letter-probability matrix: alength= 4 w= 13 nsites= 131 E= 2.6e+000
 0.019836 0.852506 0.117585 0.010073
 0.773545 0.019949 0.059003 0.147503
 0.078418 0.062966 0.739344 0.119271
 0.043327 0.926652 0.000421 0.029600
 0.010073 0.969847 0.000421 0.019658
 0.000309 0.911088 0.088294 0.000309
 0.019836 0.932453 0.043439 0.004272
 0.000309 0.829015 0.141075 0.029600
 0.889650 0.070565 0.010185 0.029600
 0.023799 0.159544 0.660129 0.156528
 0.019836 0.930615 0.049240 0.000309
 0.010073 0.842742 0.088294 0.058891
 0.000309 0.920851 0.078531 0.000309

MOTIF 29-CCGCCCCGCGCSC STREME-29
letter-probability matrix: alength= 4 w= 13 nsites= 120 E= 1.8e+001
 0.000331 0.819593 0.148398 0.031678
 0.000331 0.973748 0.025591 0.000331
 0.000331 0.000451 0.863048 0.136170
 0.063026 0.900604 0.036040 0.000331
 0.000331 0.688328 0.311010 0.000331
 0.021229 0.925934 0.031608 0.021229
 0.000331 0.900604 0.084044 0.015021
 0.026359 0.094472 0.640475 0.238695
 0.000331 0.998887 0.000451 0.000331
 0.000331 0.000451 0.998887 0.000331
 0.031678 0.873497 0.052697 0.042128
 0.000331 0.538903 0.291759 0.169007
 0.000331 0.787911 0.190529 0.021229

********************************************************************************
Stopped because 3 consecutive motifs exceeded the p-value threshold (0.05).
********************************************************************************
COMMAND:	streme --verbosity 1 --oc . --dna --totallength 4000000 --time 14400 --minw 8 --maxw 15 --thresh 0.05 --align center --p dyn_H3K4me3.H3K27me3.bed.fa
********************************************************************************
CPU:		noble-meme.grid.gs.washington.edu
********************************************************************************
FINALTIME:	298.11 seconds
********************************************************************************

